peth_time,r_squared,r_squared_adj,n_trials,Intercept_beta,Intercept_se,Intercept_tstat,Intercept_pvalue,C(word_l2)[T.LR]_beta,C(word_l2)[T.LR]_se,C(word_l2)[T.LR]_tstat,C(word_l2)[T.LR]_pvalue,C(word_l2)[T.Ll]_beta,C(word_l2)[T.Ll]_se,C(word_l2)[T.Ll]_tstat,C(word_l2)[T.Ll]_pvalue,C(word_l2)[T.Lr]_beta,C(word_l2)[T.Lr]_se,C(word_l2)[T.Lr]_tstat,C(word_l2)[T.Lr]_pvalue,C(word_l2)[T.RL]_beta,C(word_l2)[T.RL]_se,C(word_l2)[T.RL]_tstat,C(word_l2)[T.RL]_pvalue,C(word_l2)[T.RR]_beta,C(word_l2)[T.RR]_se,C(word_l2)[T.RR]_tstat,C(word_l2)[T.RR]_pvalue,C(word_l2)[T.Rl]_beta,C(word_l2)[T.Rl]_se,C(word_l2)[T.Rl]_tstat,C(word_l2)[T.Rl]_pvalue,C(word_l2)[T.Rr]_beta,C(word_l2)[T.Rr]_se,C(word_l2)[T.Rr]_tstat,C(word_l2)[T.Rr]_pvalue,C(word_l2)[T.lL]_beta,C(word_l2)[T.lL]_se,C(word_l2)[T.lL]_tstat,C(word_l2)[T.lL]_pvalue,C(word_l2)[T.lR]_beta,C(word_l2)[T.lR]_se,C(word_l2)[T.lR]_tstat,C(word_l2)[T.lR]_pvalue,C(word_l2)[T.ll]_beta,C(word_l2)[T.ll]_se,C(word_l2)[T.ll]_tstat,C(word_l2)[T.ll]_pvalue,C(word_l2)[T.lr]_beta,C(word_l2)[T.lr]_se,C(word_l2)[T.lr]_tstat,C(word_l2)[T.lr]_pvalue,C(word_l2)[T.rL]_beta,C(word_l2)[T.rL]_se,C(word_l2)[T.rL]_tstat,C(word_l2)[T.rL]_pvalue,C(word_l2)[T.rR]_beta,C(word_l2)[T.rR]_se,C(word_l2)[T.rR]_tstat,C(word_l2)[T.rR]_pvalue,C(word_l2)[T.rl]_beta,C(word_l2)[T.rl]_se,C(word_l2)[T.rl]_tstat,C(word_l2)[T.rl]_pvalue,C(word_l2)[T.rr]_beta,C(word_l2)[T.rr]_se,C(word_l2)[T.rr]_tstat,C(word_l2)[T.rr]_pvalue
-2.16,0.03212731423981363,0.03168296905307222,32689,0.2752902675352312,0.015009668764912748,18.340862269976384,9.276044597386129e-75,-0.42231117020349734,0.12628271712562186,-3.3441723445291105,0.0008262122746983257,0.023948652661051627,0.028265104555347875,0.8472868944870202,0.39684143588737486,-0.5286271241225855,0.07241581561622629,-7.299884971593629,2.94571248665205e-13,-0.5440658509066094,0.09721828134322097,-5.596332741018437,2.2068595902513957e-08,-0.016321884699455825,0.021173042715322613,-0.7708804501510745,0.4407833702826691,-0.5685115342253213,0.066423913595215,-8.558838277578925,1.1891410752253315e-17,0.055663190814238685,0.027980889515711014,1.989328851857419,0.046673240772723036,-0.4981179240861522,0.03370318155779372,-14.779551990721911,2.8642892199839703e-49,-0.43757152754249873,0.038604163468340016,-11.334827340614677,1.0024334093384176e-29,-0.37960530307227175,0.029818189806048053,-12.730662241450888,4.892340919455317e-37,-0.46691711035396744,0.04512004230217947,-10.348330509686015,4.655706900078001e-25,-0.39576151183538266,0.0384175290222385,-10.301586851311827,7.565374424050974e-25,-0.46233781974240684,0.03167730195870409,-14.595239845398781,4.2690749630338887e-48,-0.456454664961216,0.049036538067911514,-9.308460240995487,1.375348857101403e-20,-0.4562875617075791,0.02879709473523016,-15.844916506433552,2.4722969947248697e-56
-2.106,0.02964636953610833,0.029200885360888496,32689,0.26052939762944943,0.014553610788903161,17.901358048416267,2.524412668821467e-71,-0.24545846631788348,0.1224457077099356,-2.0046310394101816,0.045010741359753165,-0.0008826053907202691,0.02740628970892403,-0.03220448298891314,0.9743091778387859,-0.43897363144355384,0.07021551320993853,-6.251804072570961,4.107476844662193e-10,-0.4994143699564194,0.09426437387764354,-5.298018216348269,1.1782362079350153e-07,-0.02157780357826552,0.02052971506046542,-1.051052268125164,0.2932423582638043,-0.47972796842700605,0.06440567081668787,-7.4485361668293635,9.670963853866708e-14,0.03838236968656859,0.0271307103385853,1.4147204112080023,0.15716001714328362,-0.48962260283218634,0.032679134657953926,-14.982728519496302,1.4025911165114108e-50,-0.45572125366038474,0.037431203762655484,-12.174902430336761,5.01198033875489e-34,-0.35961638371372295,0.028912185582756652,-12.438228949671645,1.9497466905751048e-35,-0.4326948342490682,0.04374910231062539,-9.890370576677618,4.938058260543236e-23,-0.33923982037502276,0.03725024006979149,-9.10705057845072,8.933140746221675e-20,-0.44297758100948736,0.030714809951518544,-14.422279731136234,5.227422479508551e-47,-0.401934263744562,0.04754659817303211,-8.453480988941381,2.943133419151188e-17,-0.4422333559078506,0.027922115750310384,-15.838103382367603,2.7529653032665495e-56
-2.052,0.028468401694538903,0.028022376720567066,32689,0.2532198937683987,0.014232253797949113,17.79197429748534,1.7554835889047797e-70,-0.3522168865180446,0.11974199488185129,-2.941464996182625,0.0032689292869073996,0.007293540419650599,0.02680113385297727,0.27213551708896744,0.7855195406027843,-0.47011585157721436,0.0686650906810741,-6.846504488878373,7.701276351012595e-12,-0.4323740713516042,0.09218293058615576,-4.6903919044697755,2.737840956169809e-06,-0.056722805083946726,0.020076400240338067,-2.825347393203373,0.004725801041658592,-0.3842300361346533,0.06298353490318599,-6.10048382843652,1.0693383344247834e-09,0.033089983078834595,0.026531639526309533,1.2471895318049087,0.212336950078251,-0.48378386375614263,0.03195754957965367,-15.13832787931125,1.354568595382166e-51,-0.3720079722996626,0.03660468866730014,-10.162850329935639,3.1560232686105222e-24,-0.392816029244473,0.02827377817338276,-13.893298123640026,9.267078995343061e-44,-0.40883215420697727,0.04278308225694888,-9.555930350029287,1.307135449730277e-21,-0.34461650745608247,0.03642772081771204,-9.460281887537734,3.2693303430063442e-21,-0.4671398765803993,0.030036598953099417,-15.5523558878891,2.4030593425625402e-54,-0.4094195088263407,0.046496725949526106,-8.80534060120234,1.3674771695942542e-18,-0.4148638805999383,0.02730556998522561,-15.19337925648178,5.891022398522882e-52
-1.998,0.029398120144902062,0.02895252199971099,32689,0.22386467647651184,0.012995970489329961,17.225699047278596,3.3430227456057456e-66,-0.4401435612267562,0.1093406184228027,-4.025435081451537,5.699824374563633e-05,0.029681160382545306,0.024473056030244925,1.2128097261684019,0.22521134461970316,-0.39545844223202664,0.06270050441814046,-6.307101448415349,2.8794328584668764e-10,-0.34289248191429955,0.08417546950225598,-4.073544037733104,4.6412260688381345e-05,-0.013988123994640323,0.018332465733080745,-0.7630246906393447,0.4454541798841558,-0.41776868143125767,0.05751247641701276,-7.263966141921817,3.842945743907142e-13,0.006414764180098444,0.02422697130142141,0.2647778007530841,0.7911823093738727,-0.3945122055685236,0.0291815602184052,-13.519229356341938,1.5578958412629508e-41,-0.3565563008340411,0.03342502603206068,-10.66734549412284,1.6001233071691612e-26,-0.3084487601932299,0.025817779248434508,-11.947145307315038,7.866415005833787e-33,-0.4060980418072311,0.03906673407791571,-10.39498313315105,2.861692534787052e-25,-0.3236457764431777,0.03326343047710095,-9.729777470365853,2.4137679871259545e-22,-0.4149020091224389,0.027427472776698925,-15.127241671165558,1.6012775785086118e-51,-0.395654032496468,0.042457792481018004,-9.31876127741113,1.2484997832540637e-20,-0.4024370742126608,0.024933674368107606,-16.140303601919726,2.2362871060581473e-58
-1.944,0.02728890892715996,0.026842342454350798,32689,0.21130778258167482,0.01259307696246233,16.77967848616703,6.308967987514967e-63,-0.20949140181129033,0.10595090409385596,-1.9772497800086128,0.04802179504860391,0.014415590422508416,0.023714356565256924,0.607884526946356,0.5432682876628574,-0.3271798343619347,0.06075669980715396,-5.385082392566194,7.291053194987867e-08,-0.3587324706226569,0.08156591049999858,-4.398068610080227,1.0956328538277905e-05,-0.039757217818297,0.017764133280999156,-2.238061220854611,0.025223772763187834,-0.3539374194978233,0.055729508036039134,-6.350987689841784,2.167467282031362e-10,0.014113512331440215,0.023475900812229045,0.6011915131319782,0.5477166072320054,-0.3806964090167323,0.028276890442065966,-13.463163843871294,3.3188716440283446e-41,-0.3924600858002292,0.03238880279388421,-12.117153211798712,1.0122621805308443e-33,-0.3418828499800407,0.025017391455477312,-13.665807268055072,2.1258079923457795e-42,-0.4528990230162887,0.037855609884553304,-11.963854879038436,6.43871264476507e-33,-0.2913596584963679,0.032232216930437506,-9.039392453990075,1.659944858790384e-19,-0.37916441277516355,0.026577182200158853,-14.266539241052321,4.86488778823428e-46,-0.3578490652314953,0.04114154066513894,-8.697998651633306,3.5329292076038215e-18,-0.34089015287131663,0.024160695081013685,-14.109285835042055,4.516794556433988e-45
-1.89,0.025496861160160256,0.02504947196778129,32689,0.19769646363890936,0.012358550605249517,15.996735374044125,2.2252510218828286e-57,-0.40654956187210267,0.10397773425977931,-3.9099675018535605,9.249488543089161e-05,0.02496552591168417,0.02327271377410479,1.0727380637260682,0.2833965799623442,-0.3525719118195616,0.05962520132393829,-5.913135788071734,3.3898674511378113e-09,-0.30113485979147475,0.08004687302255503,-3.7619815543153465,0.00016886670234134268,-0.0422443303341785,0.017433304089701892,-2.4231970094029878,0.015389977479336575,-0.4046341188681596,0.05469163313478077,-7.3984647317257615,1.4107632150831924e-13,-0.041795599665250684,0.023038698886425454,-1.8141475727987797,0.06966417715738159,-0.3545434732476801,0.027750277595304892,-12.776213572280293,2.7349170660903568e-37,-0.404075175112956,0.031785612012443246,-12.71251832290569,6.1641781495685566e-37,-0.2917986297275727,0.024551481678025046,-11.88517391961516,1.6493646893198733e-32,-0.39381943530321584,0.0371506083735836,-10.60061873934872,3.2652988759428026e-26,-0.33635377250269394,0.03163194231573281,-10.633358177799956,2.302352599462178e-26,-0.374726996352431,0.026082223760298277,-14.367141383198746,1.1546556573527442e-46,-0.31280645199138596,0.0403753438340484,-7.747462245203154,9.645204385213445e-15,-0.3376639572066055,0.023710739933278945,-14.240970891535992,7.000642302133257e-46
-1.836,0.021699009151716964,0.021249876385741273,32689,0.18482328470045165,0.012122822819306874,15.245895073720048,2.6548480471242037e-52,-0.25444016508921163,0.10199445629561585,-2.4946470066152853,0.012613147711708234,0.006877690620353024,0.02282880854070984,0.3012724298812297,0.763208679817478,-0.28286623722829995,0.058487906414249925,-4.83632009709588,1.3286621925995502e-06,-0.21507099763075707,0.0785200538386595,-2.739058203814762,0.006164886499543802,-0.04541214031734503,0.017100780130704252,-2.6555595692273744,0.007921536082736335,-0.2946668885024456,0.05364844142078051,-5.492552638972053,3.991138857385711e-08,-0.026730023695238254,0.022599257267989267,-1.1827832825771674,0.23690365431927488,-0.3290640842888191,0.027220967022748243,-12.088625801347327,1.4307891439275991e-33,-0.33876998017506693,0.031179331212707516,-10.865209964381696,1.881226320454692e-27,-0.2819069571087998,0.02408318514371188,-11.705551214533005,1.380558622783374e-31,-0.2669673929195751,0.036441995289569755,-7.325817118361386,2.4293021609210646e-13,-0.27229684208651517,0.031028592621636333,-8.775674920448752,1.7796438698549526e-18,-0.36821465179995183,0.025584729753447336,-14.391969559511875,8.084226741587094e-47,-0.31957587264165643,0.03960522193928265,-8.069033753467833,7.326195793581623e-16,-0.3432830780581042,0.02325847976086362,-14.759480481425825,3.850251313713856e-49
-1.782,0.01747278915993422,0.017021716158905797,32689,0.1579238936511018,0.011949213380234643,13.216258562452811,8.944592647485215e-40,-0.2869310598207263,0.10053380636202461,-2.854075362346083,0.004318943140245538,0.00013569051734904668,0.022501880010571792,0.006030185801599547,0.9951886738247967,-0.25010590592752413,0.05765030837487945,-4.3383272870142235,1.4400145588467778e-05,-0.24415550044623985,0.07739557790545185,-3.1546440643482967,0.0016083964495536755,-0.06346407130688998,0.016855881983594414,-3.7650994097288204,0.00016677431335429362,-0.36814427067845373,0.05288014875817327,-6.961861479664475,3.4214123617010875e-12,-0.014570642210925518,0.022275616113101138,-0.6541072595678271,0.5130473085207455,-0.3210993206495234,0.026831138936809655,-11.967412990024329,6.169681852400059e-33,-0.28032345719183405,0.030732815885116928,-9.121307277527638,7.835265491050396e-20,-0.252745377535298,0.023738292842125676,-10.647158968684524,1.986400013072723e-26,-0.2442346120955753,0.035920114003734314,-6.799382988321926,1.0687378349592623e-11,-0.23107679671682335,0.030584236002675944,-7.555421580470589,4.284045696377442e-14,-0.3277175846009316,0.02521833401810452,-12.995211514196756,1.6230385213608594e-38,-0.27669804278504795,0.03903804047769603,-7.087908086553075,1.3891229981796767e-12,-0.29396117774803565,0.022925397962577695,-12.822511444638108,1.511221085625953e-37
-1.728,0.015439809136467808,0.014987802805155881,32689,0.15699859090423385,0.011840780220300506,13.259142386163587,5.069327303200429e-40,-0.3866078640099654,0.09962151214171446,-3.8807668715167125,0.00010433195319290052,0.013779031553340693,0.02229768665688702,0.617957896950032,0.5366073997922249,-0.3613869355093995,0.057127160540009776,-6.326009066323142,2.54836603189649e-10,-0.21061379448233236,0.07669325158403069,-2.7461841835140945,0.0060325894797197506,-0.07551224733950535,0.01670292324992737,-4.5209000969236754,6.179327926269103e-06,-0.23217205032931681,0.052400287745973044,-4.4307399885825856,9.42152785874927e-06,-0.04823739994005141,0.02207347599159166,-2.185310549114523,0.028873160787532437,-0.2932148812961876,0.026587659714623988,-11.028232061165989,3.132632158057859e-28,-0.28372362407339524,0.030453930887916234,-9.316486108726721,1.2754816196910075e-20,-0.23551725201964008,0.023522879657809186,-10.012262760586477,1.4559719711230705e-23,-0.1809303988315198,0.03559415685972164,-5.083148887177622,3.7327403636772044e-07,-0.24086292888856903,0.03030669929390588,-7.947514394515476,1.9636987533212545e-15,-0.2846787651961592,0.024989490197273537,-11.391939689398662,5.226017785621424e-30,-0.2784318046040739,0.03868378970386391,-7.197635152490318,6.258474564795391e-13,-0.2996184234220264,0.02271736139441817,-13.188962319173429,1.2826994223594728e-39
-1.674,0.012037000076435045,0.011583431533636612,32689,0.1300656401831613,0.011729875531198645,11.088407531454022,1.6057316177737989e-28,-0.5462711967566133,0.0986884238969895,-5.535311794287125,3.1305825038176215e-08,0.02723137013923147,0.02208883910120542,1.2328112860284004,0.21765504974563882,-0.3037241851633176,0.05659208853790474,-5.366901858726889,8.064546102321836e-08,-0.15860117915075034,0.07597491706004761,-2.0875465915336,0.036846481422654856,-0.07589434343427451,0.01654647811070001,-4.586737003882196,4.518968521869577e-06,-0.27918890363281523,0.05190948920793822,-5.378378941746945,7.567499254939121e-08,-0.04688780195736551,0.02186672846763646,-2.144253175629868,0.032019961613518284,-0.27232813279062046,0.026338630843237537,-10.339494653745106,5.10402223958705e-25,-0.19849984924196384,0.03016868923371651,-6.57966435678354,4.7862953340371324e-11,-0.23194170106424308,0.023302556536638746,-9.953487322284136,2.628450270242216e-23,-0.18966817338370845,0.03526077013799173,-5.379013919476205,7.540883934236746e-08,-0.17475339289912603,0.030022836659826104,-5.820682265275936,5.915483871440291e-09,-0.21171999494899063,0.02475543031358521,-8.552466762526992,1.2565198094504718e-17,-0.2266038143037865,0.03832146445243889,-5.913234724759189,3.38783320533515e-09,-0.25294180016178597,0.02250458302544354,-11.239568397059903,2.949807599644209e-29
-1.6199999999999999,0.008826191486525636,0.008371148878632217,32689,0.0855550212546437,0.011509153186972983,7.433650405442687,1.0822610848002037e-13,-0.1982199838094997,0.09683139308600242,-2.0470632249754717,0.040659858730271586,0.05671611208066935,0.02167319101229997,2.616878707361635,0.008877872212158097,-0.16940451339835463,0.05552718904996992,-3.0508389907132605,0.0022838582345490453,-0.122015605331219,0.07454528877872088,-1.6367983454113149,0.10168224248229463,-0.0335474813231171,0.016235121231630116,-2.0663523754758377,0.038803081091121,-0.21314246126208838,0.05093270270111992,-4.184786001104978,2.8618040286619143e-05,-0.013372385705980141,0.02145525985869125,-0.6232684103596703,0.5331125035459046,-0.22432904893475766,0.025843013960692524,-8.680452259785346,4.121448963408434e-18,-0.20163308104779923,0.02960100172568027,-6.811697891726177,9.812296650367993e-12,-0.1963612663221093,0.02286406979468332,-8.588202716550928,9.219261451396957e-18,-0.10064691512648571,0.034597264389498554,-2.9091003841631906,0.0036271471624974394,-0.15541201762070467,0.029457893675543318,-5.2757342168605765,1.330671329337956e-07,-0.16562378570498051,0.0242896046876784,-6.81871063093085,9.345767815901717e-12,-0.15328962273877006,0.03760036528598948,-4.076812062139416,4.5765341396797916e-05,-0.1721835055879526,0.02208111183787764,-7.797773357254201,6.487459553088838e-15
-1.566,0.006026905129507876,0.005570577384181208,32689,0.09829582601082586,0.011387939158219257,8.631572810948919,6.320702028434684e-18,-0.02764397939559453,0.09581156798895919,-0.2885244441337195,0.7729471522872178,0.012576273822310559,0.021444929666232956,0.586445095323072,0.5575804989577946,-0.25708823741050685,0.05494237849260112,-4.679233853065315,2.8910179172469156e-06,-0.1718833241045531,0.07376018021072421,-2.3302996767836324,0.019796373769564304,-0.07480040638465289,0.016064133460434362,-4.656361114583914,3.231118250305814e-06,-0.14154985639491194,0.05039628112522966,-2.8087361454940467,0.004976590610313708,-0.05880605443521823,0.021229293756478473,-2.7700428996735975,0.005608054801020242,-0.1800736364327181,0.025570836174332014,-7.042148923290818,1.930346447955745e-12,-0.1221967926856437,0.029289244933844626,-4.172070429321363,3.0262361557735776e-05,-0.16642251312570078,0.02262326615183522,-7.356254928389304,1.9358156402284674e-13,-0.1598398810242299,0.03423288712104273,-4.669190783092829,3.0358924528128058e-06,-0.13134152882529904,0.02914764409305856,-4.506077005948405,6.626591400131008e-06,-0.19815940356408412,0.024033787357489293,-8.24503440163519,1.7122396732101113e-16,-0.13253406329777395,0.037204359456117886,-3.5623261691710177,0.00036810617105544443,-0.1731007050320879,0.021848554282882172,-7.922753276527236,2.3963747320124235e-15
-1.512,0.0033687773211100724,0.002911229243486857,32689,0.04341366628867934,0.011422703956749965,3.8006470668466465,0.0001445805092820911,-0.15968371514216206,0.09610405900175524,-1.6615709763023183,0.096608420511487,0.04055753798667037,0.021510396178566198,1.8854854020347376,0.059373197714421524,-0.06234304065315905,0.0551101051279963,-1.131245177420073,0.25796021484652054,-0.042734553442459085,0.07398535333195254,-0.5776082902614595,0.5635325888231963,-0.042134254397478386,0.016113173620867543,-2.6148948300856114,0.008929591568891655,-0.09635821757888381,0.050550129555193474,-1.906191308049458,0.05663415465627021,-0.017354035306612375,0.021294101981227415,-0.8149691084372307,0.4150959331204408,-0.17740617485457844,0.025648898144589444,-6.916717195978328,4.707288058705746e-12,-0.10669416977926542,0.02937865836371062,-3.6316896591526175,0.000282002119299491,-0.097895492394637,0.02269232985852946,-4.314034433879015,1.6077211906792612e-05,-0.11281524558606217,0.034337392370618856,-3.2854925140615423,0.0010191142870873018,-0.02027565502441196,0.029236625247634592,-0.6935018954026636,0.4879995666773077,-0.12770010950778027,0.024107157065897854,-5.297186605567261,1.1836082323225841e-07,-0.03870923988066876,0.037317935937602895,-1.037282446311934,0.2996119205853539,-0.07051038953151513,0.021915252969736624,-3.2174116186970267,0.0012947892006734253
-1.458,0.0010177565968136904,0.0005591291781178453,32689,0.02282259879037529,0.011370241519796442,2.0072219882611497,0.044734251819317075,-0.015012057593010782,0.09566267024166418,-0.15692701818888333,0.8753033358547756,-0.024351402427754697,0.021411602774864577,-1.1372993737928483,0.2554214967690326,-0.07302834751901659,0.05485699426854248,-1.3312495241995859,0.1831162092040325,-0.02152294807196669,0.07364555183229378,-0.2922504827036793,0.7700969715344612,-0.03416438423548766,0.016039168695378216,-2.130059536398064,0.03317414830255083,-0.10517229545442681,0.05031796184824572,-2.0901541237225914,0.036611667715452295,-0.000971432833246971,0.0211963019781019,-0.04583029786283322,0.9634457900629085,-0.11506011151790672,0.025531097341300425,-4.506665341476707,6.608263823569382e-06,-0.01711145485347997,0.029243727438596826,-0.5851324831763994,0.5584626795441323,-0.06746502687799984,0.022588108044759338,-2.9867497864059662,0.002821695212997944,-0.024469070789025365,0.034179686866807085,-0.7158951129183109,0.4740612325036604,0.0003205696089777754,0.029102346655228158,0.011015249484020079,0.9912113474873646,-0.036214369589776564,0.023996437203728006,-1.5091561002293465,0.13126856544577306,-0.020671602720163017,0.037146541330093596,-0.5564879523094737,0.5778811393842913,-0.05040175373710181,0.021814600131179435,-2.3104596661876458,0.020868916281236147
-1.404,0.0009538200779767303,0.0004951633063662308,32689,0.00915480779208218,0.011323709972009445,0.8084636408660701,0.4188296151454681,-0.010626436837820592,0.09527118057066364,-0.11153883865161986,0.9111897540861406,-0.005301687228580833,0.021323977985542367,-0.24862561911175163,0.803651952104143,-0.05537903120038438,0.05463249764322335,-1.0136646426461453,0.31075030713390756,-0.08343490409592459,0.07334416496127458,-1.1375806669825457,0.25530396524224647,-0.0401314409499278,0.015973530041765337,-2.5123714573421,0.011997056095761648,-0.04407911377500319,0.05011204074778277,-0.8796112295018337,0.3790764226510692,-0.03313890076928934,0.02110955828521864,-1.5698528752491188,0.11645902663114008,-0.09359062598465757,0.025426613942779574,-3.6808135835654445,0.00023286477994022438,-0.03450890574033376,0.029124050482007134,-1.1848937620010442,0.2360680725228748,-0.05325908233883906,0.022495668528230813,-2.3675260982798476,0.01791324787477354,0.018916502929824927,0.034039810002272734,0.5557170539013564,0.5784081014579555,0.025659013201400724,0.028983248285000596,0.8853049509526429,0.37599869562051424,0.01593530795912807,0.023898234244492805,0.6667985507255734,0.5049055271677599,-0.02285128866755325,0.03699452291781858,-0.6176938331740676,0.5367814828479933,0.0009245778836654492,0.02172532611649022,0.042557606671030125,0.9660544498780427
-1.35,0.0012922702372532013,0.0008337688463052606,32689,-0.005585946827749086,0.011189624661655366,-0.4992077032655995,0.6176364294955144,0.04500742564534107,0.09414306391576929,0.4780747914218051,0.6326001719742058,0.0021713831587849837,0.021071478388392437,0.10304844865470497,0.9179251515568736,-0.01129337433370185,0.053985588156843234,-0.20919239225275157,0.8342993553164462,0.15043139649904286,0.07247568853916535,2.0756118297206765,0.03793766985826567,-0.029461452260373496,0.015784385694339046,-1.8664934341372328,0.06198131277801246,0.044624638353478976,0.04951865849472686,0.9011681598408197,0.3675055597915483,-0.037635842040976114,0.02085959765560983,-1.804245827860184,0.07120198329291429,-0.06475888348160543,0.025125534576547277,-2.5774131604767043,0.009958630692289777,0.02065326306711768,0.02877918935810864,0.7176457547195835,0.4729808689285573,0.03054478236928806,0.022229294812930237,1.374077883546756,0.16942693045207138,-0.0007215701667914013,0.033636740822663685,-0.021451845486326768,0.9828853473421957,0.048618888678130176,0.028640054415591202,1.6975836698013675,0.08959589026576846,0.032135785822695835,0.023615252592409867,1.3608063558475143,0.17358427902608362,-0.03892478829296782,0.03655646665365267,-1.0647852994588718,0.28698096772841036,0.04773930035177462,0.021468074111442952,2.223734653791256,0.026173112259567973
-1.296,0.0011676430330084253,0.00070908442637585,32689,-0.027303154809957608,0.011226641395919949,-2.4319966984854684,0.015021178864283394,0.02760067062635857,0.09445450142017152,0.29221127856659485,0.770126944102959,-0.0008693185187948509,0.02114118558051461,-0.041119667366057454,0.9672007468215036,0.10815369154534853,0.05416417950653944,1.9967752217550112,0.045857887469349067,0.07373172257044586,0.07271544754667615,1.0139760540305738,0.3106016871924897,-0.014277036404964069,0.015836602495924827,-0.9015214222013797,0.36731779437332746,0.08580826017612284,0.04968247265990786,1.7271334452998615,0.08415315125550621,-0.019071456698012107,0.02092860391870012,-0.9112627278961204,0.3621636828547654,-0.02369238820403264,0.02520865311401375,-0.9398514112148973,0.3473007315303883,0.08469225932760878,0.028874394660970117,2.9331267485267274,0.0033579986450616613,0.021468931528182512,0.02230283221242846,0.9626100991881539,0.33575035140761555,-0.022064222381041283,0.033748015537786696,-0.6537931795230033,0.5132496624474884,0.05739357069350399,0.028734799441959967,1.997354142298104,0.045795003374280135,0.04482236325317206,0.023693374920569787,1.891767779112751,0.058530762736618,0.03668664173673522,0.03667740020171058,1.0002519681049862,0.31719599305565555,0.050417517815016466,0.021539093293818107,2.340744669576537,0.01925130526556053
-1.242,0.0029834430320642147,0.0025257180495245057,32689,-0.026471347799164362,0.01122365794435547,-2.3585312320104306,0.018353270696367073,-0.014346927575735153,0.09442940037524669,-0.15193284632458592,0.8792408394771569,0.005619318517509797,0.021135567363901937,0.2658702470938726,0.7903408175469093,0.14375459145644925,0.054149785512789345,2.654758280113531,0.007940371912285266,0.15030732018894016,0.07269612360035115,2.067611211503637,0.038684450853472586,-0.018399524032871276,0.015832393958854277,-1.162144150827003,0.24518540481867943,0.1621361007518085,0.04966926966842029,3.264314169187283,0.0010984221267477561,-0.012579564328731892,0.02092304219512656,-0.6012301753930387,0.5476908598440777,0.01727887338600354,0.025201953978188616,0.6856164169237743,0.49295989075185376,0.10489773386505405,0.02886672136359768,3.633863802674006,0.0002796361437427975,0.03971781212939142,0.022296905291160567,1.781315012587744,0.07487029006712789,0.05182399792910197,0.033739047087989166,1.536024351664363,0.12454209107406419,0.10144209982359999,0.028727163241664015,3.531225793867281,0.00041420790584600724,0.09839904062016,0.02368707846609319,4.15412313346338,3.273666686219136e-05,0.11763929132458384,0.03666765327534554,3.208257982620385,0.0013367041867560067,0.10305560629885113,0.02153336933423673,4.785856068283707,1.7100348195898472e-06
-1.188,0.004519677228608021,0.004062657522992619,32689,-0.052496420103527584,0.011262555665960844,-4.6611463384095915,3.156934754873171e-06,-0.08209611393711591,0.09475666342490208,-0.8663888213221006,0.38628333419516137,-0.02115529236517103,0.02120881669307506,-0.9974763171053525,0.31854075078515776,0.05533804103891821,0.05433745189502496,1.0184143552742646,0.3084886238139339,0.19150962595505577,0.07294806584517147,2.6252872332698325,0.008661621651367036,-0.012404756745493614,0.015887264131806033,-0.7807987984954251,0.4349264976904863,0.11200209495045589,0.04984140797069955,2.2471695626315165,0.024635838269575824,-0.04435229611683425,0.020995554977900097,-2.112461240654007,0.03465447299748599,0.06961542467081616,0.025289296143694292,2.752762444445267,0.00591273740287903,0.10711952958603482,0.02896676447760097,3.6980150016018105,0.00021764762223154793,0.06465628301710374,0.02237417945783393,2.8897722546185025,0.003857746004741781,0.1262880947579787,0.03385597617361933,3.730156652708857,0.00019168424425260264,0.13987659240964953,0.028826722690448565,4.852323793852437,1.225850813081486e-06,0.12958100568776454,0.023769170542347357,5.451641884469713,5.02676647545268e-08,0.13378722480807648,0.036794732002806585,3.636042920434143,0.00027728343078136075,0.11298649568868929,0.021607997321809184,5.228920293073658,1.7155110242726247e-07
-1.134,0.0052927478451259,0.004836083052106477,32689,-0.073625323058601,0.011308631285204221,-6.510542363772135,7.59642943754319e-11,-0.030056718704015096,0.09514431717545659,-0.3159066100457393,0.7520754124297392,-0.0019263284223411143,0.02129558291128841,-0.09045671256643563,0.9279248457354152,0.11032379955572025,0.054559748842398746,2.0220730831148344,0.04317693511812255,0.11651058815977405,0.07324649964706435,1.5906642463622995,0.11169483212349551,0.003310720403214944,0.015952259640344867,0.20753927517840792,0.835590016610721,0.11279831727660823,0.05004531140117515,2.253923776642931,0.024207561681831514,0.025301332286259297,0.021081448732892923,1.2001704724771682,0.23008184232144727,0.09700343529715143,0.025392755785946856,3.8201224047858626,0.00013363211149957236,0.15070714224814472,0.02908526880737901,5.181562640738253,2.2134056569633576e-07,0.12942366092183974,0.022465713227269396,5.760941556253035,8.439578088040827e-09,0.10880139171262915,0.03399448248724432,3.2005603189710117,0.0013729174876456205,0.17750422856780157,0.02894465410300831,6.1325392915769195,8.747742350808077e-10,0.1420603349564265,0.02386641128273722,5.9523123637436,2.670729195502047e-09,0.1477600357918915,0.036945260898041905,3.999431380378282,6.363448840160519e-05,0.16314715569714444,0.02169639660583853,7.519550765090703,5.637273740933328e-14
-1.08,0.008194817162559986,0.007739484694082588,32689,-0.0786316890156656,0.01137962624845762,-6.909865693200885,4.939979235996301e-12,0.15342104221285718,0.09574162794908478,1.6024486474623787,0.10906610134227501,-0.006911060783389818,0.021429275405819088,-0.32250557485080106,0.7470717786188643,0.17666877631979144,0.05490227193529052,3.2178773317071214,0.0012926894591237888,0.2521596167310183,0.07370633713046405,3.421138894538778,0.0006243576128291746,0.00802233757016856,0.016052407046199077,0.4997591667766802,0.6172480311536857,0.15967875831007172,0.05035949310489555,3.170777711711102,0.001521718186199952,0.0011429878038483072,0.021213796904866515,0.053879454440619354,0.9570315352792222,0.18248204954731267,0.025552170105722628,7.141548009123666,9.421167564355065e-13,0.15118857758363594,0.029267864520168475,5.165685302371546,2.409645312539479e-07,0.13152025358063635,0.02260675173536172,5.817742200216715,6.020335370252657e-09,0.15697895089387082,0.03420789797264952,4.588968051161205,4.470975392461512e-06,0.17313732982472765,0.02912636704444217,5.944350339352238,2.803675987040396e-09,0.16764125336506003,0.024016243295938086,6.980327909711571,3.0010659919055752e-12,0.19148068851857092,0.03717720120750053,5.150486919384871,2.613175021300137e-07,0.21063151150582893,0.02183260538662865,9.647566461986708,5.385508709275468e-22
-1.026,0.011726675114280827,0.011272964102947758,32689,-0.09184089464402016,0.011438659621721681,-8.028990955340342,1.01547915631216e-15,0.22757764446872075,0.09623830078668288,2.3647304930410007,0.018049006565564844,-0.021924157023129276,0.021540442713618987,-1.0178136686702213,0.3087740514763433,0.24981036727162806,0.05518708500748085,4.526609210067268,6.014893220728752e-06,0.10188887056911808,0.0740886988721196,1.3752282348078866,0.16907012647326677,0.025798138074796452,0.0161356811112918,1.598825478568911,0.10986905553741282,0.2162762870367645,0.050620739888308425,4.272483719399696,1.9385408171670093e-05,-0.00037468881281345974,0.02132384638836363,-0.017571352090489944,0.9859809181586092,0.21985995529817198,0.025684725495734875,8.559949583057886,1.1777598722526973e-17,0.19695879814085882,0.029419695585015202,6.694793886350713,2.1946709140043826e-11,0.16303846110826692,0.02272402736325525,7.174716809745622,7.399726306174331e-13,0.17263216794714428,0.03438535613915759,5.020514176107458,5.180401308572689e-07,0.18117613829999224,0.029277464071709974,6.18824560270088,6.155909136195833e-10,0.24988244635222945,0.024140830854785356,10.351029252280108,4.526724718538873e-25,0.15377562255097743,0.03737006304214057,4.114941480766876,3.882264838134566e-05,0.251902982593845,0.021945865024069772,11.478380201352875,1.9381057936806666e-30
-0.972,0.010528238314296057,0.010073977107021403,32689,-0.09559968805888493,0.01146838110832762,-8.335935748548366,7.98615616097153e-17,0.34372780071609466,0.09648836027463004,3.562375811318166,0.0003680365781962381,-0.024250923550400198,0.021596412031770828,-1.1229144690666337,0.2614820729131385,0.22392307732543584,0.05533047962381823,4.04701131903876,5.19950466142634e-05,0.08873169472529371,0.07428120624133945,1.194537612071143,0.23227640849381873,0.04717520697030244,0.01617760704019314,2.916080657237872,0.0035469980767992575,0.19948682083810962,0.050752269603531,3.930599013531223,8.490898262457915e-05,0.0019014084963231044,0.02137925291638159,0.08893708792163516,0.9291324535269334,0.24676927169178642,0.025751463055033258,9.582728218758588,1.0094267925653647e-21,0.22410232545604578,0.02949613785335758,7.597683688969332,3.0952521104272105e-14,0.2247076625896879,0.022783072032582362,9.862922009302812,6.48817704642132e-23,0.19821673250551453,0.034474700864477466,5.7496287867650775,9.023518457489619e-09,0.13365614869383224,0.029353536774722373,4.553323496231277,5.2995381095327624e-06,0.16923742694364022,0.024203556856313032,6.992254400802992,2.7569610833537013e-12,0.1981269775106092,0.03746716304029602,5.288016530568999,1.244438824868179e-07,0.204407752344335,0.022002887765801678,9.290042039937996,1.6347057065834638e-20
-0.918,0.011367833556719442,0.010913957803141527,32689,-0.11486026851444733,0.011511741630384497,-9.97766212987973,2.0623306252322332e-23,0.32709102079022667,0.09685317075959744,3.3771844352118365,0.0007331731021658302,-0.022249688628819677,0.021678065378603978,-1.0263687391025162,0.3047254058108351,0.23850882443681215,0.055539677282972065,4.294386213690454,1.756822101287947e-05,0.14320577137442106,0.07456205423995543,1.9206253480296636,0.05478765048755187,0.051556590238957666,0.01623877255956923,3.174906850245664,0.0015002367595834344,0.21930269479550724,0.050944157620226097,4.304766337100815,1.676483464503928e-05,0.021717727528328585,0.021460085211618726,1.0120056520824237,0.31154284512011765,0.2636047155909689,0.02584882613280749,10.19793758666666,2.2031056277461768e-24,0.21450614542904933,0.02960765908062605,7.244954585734633,4.421421194782915e-13,0.20625805770596536,0.02286921199323251,9.019027755175891,1.9985091059651357e-19,0.1706462805639746,0.034605045419050476,4.931254344490236,8.210366333108554e-07,0.14089009069669306,0.029464518845055167,4.781686456092857,1.7458714957876194e-06,0.2421986563512359,0.024295067493342787,9.969046450173558,2.248690025350425e-23,0.20846729098246897,0.03760882172202903,5.543042335207251,2.9955355450950895e-08,0.22552491844436692,0.022086077946810858,10.211180046882513,1.9230146700521867e-24
-0.864,0.009934114041393105,0.009479580074834182,32689,-0.10759831875492715,0.011712445977133694,-9.186665105221595,4.284140991339782e-20,0.2781030286197279,0.09854178165723831,2.822183889338072,0.004772661659086093,0.017554127874352624,0.022056017046587495,0.7958883889722328,0.42610269278116275,0.19280503211865704,0.05650799771663417,3.4119954680663076,0.0006456729467239051,0.15229914511765646,0.07586202507573318,2.007580801667448,0.04469607471776158,0.017796862394734977,0.016521891512654027,1.0771685784950504,0.2814129130391819,0.22855911987221628,0.051832356313712066,4.409583822291941,1.0389974498317946e-05,0.026227043039882835,0.02183423644970868,1.2011889264042832,0.22968663124854377,0.24483203976073165,0.02629949397524111,9.309382149756251,1.3634953720672364e-20,0.20185251105589874,0.03012386123885252,6.7007515887623885,2.1071388669191996e-11,0.1932541316996426,0.0232679310056238,8.305600169303132,1.0310169839869849e-16,0.23731553186025867,0.03520837576280358,6.740314675662325,1.606680100074021e-11,0.1258052763800343,0.029978225388943146,4.1965551578791915,2.7172093362971268e-05,0.2093248209590658,0.024718645941073824,8.468296421174125,2.592689407060623e-17,0.23468987906110728,0.038264522157122505,6.133354497344022,8.703065260932514e-10,0.2036075323363869,0.022471143212249627,9.060844408903725,1.3645399223015927e-19
-0.8099999999999999,0.01072871263556019,0.010274543464976915,32689,-0.12163500664604365,0.011820811660809661,-10.28990310786428,8.538593959143024e-25,0.24238268829331416,0.09945350817113494,2.43714568495898,0.014809012385137127,-0.007008495201173942,0.02226008333394442,-0.3148458654009925,0.752880696306364,0.21681643736039577,0.05703082000479483,3.801741538034471,0.00014394347695615553,0.06754768297082474,0.07656391435047774,0.8822391533120885,0.3776539834063326,0.046003217602708264,0.01667475506249531,2.7588541738869816,0.005803668064709769,0.25969694603386334,0.052311918715915465,4.964393438599925,6.926269003236166e-07,0.023195222793846892,0.022036250782584556,1.0525938837190163,0.292534945880342,0.28450470897458957,0.02654282168411789,10.718706261166847,9.213530776265337e-27,0.2163659536401134,0.030402572690284724,7.116698834807954,1.1281808547319556e-12,0.22289393424892182,0.02348321014168746,9.491629675162676,2.423274846729328e-21,0.18996196741952798,0.035534130068787605,5.345901730302563,9.057073046549053e-08,0.15011242081333254,0.030255589390963504,4.961477328158311,7.031006246839079e-07,0.2199486467774611,0.024947347355977097,8.816514382831325,1.2380222268185036e-18,0.2287536109151071,0.03861855248624301,5.923412354634354,3.184799141928612e-09,0.20470412901240284,0.022679050322509095,9.026133197880545,1.8732671727764864e-19
-0.756,0.011870331534245993,0.01141668647480898,32689,-0.12208395416368015,0.012068020771765543,-10.11631952517922,5.0739788276117825e-24,0.2665878730154158,0.10153338339814162,2.625617940555059,0.008653213580539767,-0.052045469244930996,0.0227256093543811,-2.2901682605442453,0.022017906069836536,0.24616975967978308,0.058223507843415255,4.228013199442147,2.364043312543907e-05,0.22759780280178932,0.07816509857885309,2.911757382000718,0.003596446737872411,0.04443543880876618,0.01702347488755377,2.6102449178136884,0.009051870062817366,0.24090066295086215,0.05340591998158423,4.510748303445219,6.4824027469998745e-06,0.02280710085984543,0.02249709578384824,1.0137797820205645,0.31069535182254593,0.32994624243636705,0.027097912784380108,12.176075886795092,4.940732276673016e-34,0.2076854817711271,0.03103838291898962,6.691246844695085,2.2484652718748847e-11,0.2015186243900098,0.023974315462379044,8.405604936092407,4.426857034380905e-17,0.21721440522122393,0.03627725676388749,5.987619368106463,2.151542295441226e-09,0.15629242226657772,0.030888325752002357,5.059918867776314,4.2170549961867044e-07,0.24090403766095556,0.02546907223727482,9.45868916687058,3.3193689475931182e-21,0.22214442902275025,0.03942618383174347,5.63443903094404,1.7707272720804814e-08,0.16473347502265157,0.02315333821647315,7.114890884522513,1.1430453783160572e-12
-0.702,0.01025573014560055,0.009801343831279397,32689,-0.12787295084241995,0.012140949446005132,-10.53236828067803,6.742222620094565e-26,0.3430434561139145,0.10214696330344064,3.3583323969686694,0.000785038014140092,-0.03734072149720763,0.022862943271254977,-1.6332421007296647,0.10242772410708836,0.2582163876533119,0.05857536033993507,4.4082765544212466,1.0452834636798239e-05,0.14939799844220464,0.0786374607929205,1.899832432733567,0.05746390930401635,0.09275134219741815,0.017126350038167107,5.4157098267124155,6.147614298211902e-08,0.22668574869517955,0.05372865914606387,4.21908441971209,2.459573356503895e-05,0.05615027593769204,0.022633048762450637,2.4808975815422696,0.013110195909375014,0.30617070141376235,0.027261669119524014,11.230812760268291,3.255992126940052e-29,0.20647145901664027,0.031225952045661868,6.612174985560601,3.845432941075651e-11,0.20352164825424818,0.024119195478376664,8.438160735365711,3.3546499232977075e-17,0.22406162858597517,0.03649648511051325,6.13926595691352,8.385681742335608e-10,0.1733431922908342,0.03107498806301233,5.5782223291393525,2.449097499618206e-08,0.24651762172087233,0.025622985269702015,9.620956306460041,6.973047759574412e-22,0.1611160140775309,0.03966444156857986,4.061976110238717,4.8772550348929806e-05,0.20187567287937397,0.02329325695644572,8.6667001208481,4.649470240856384e-18
-0.648,0.010062682063888162,0.009608207122222545,32689,-0.14897188423103316,0.012379856996738981,-12.033409131484664,2.789159725321434e-33,0.2633419504654637,0.10415699397906915,2.528317498471428,0.011465734801619946,-0.017893531876670518,0.023312836403896243,-0.7675398894696485,0.44276613253418906,0.21863970612973171,0.05972799637836048,3.660589997774396,0.0002520314916671114,0.11868015183594197,0.0801848754525003,1.4800815137044814,0.13886113621276286,0.0865711640976181,0.0174633594589563,4.957302992078022,7.18359461341621e-07,0.27685885965637336,0.05478592261774594,5.053467139507382,4.3619811405324427e-07,0.047959241592515064,0.02307841806981202,2.078099176791007,0.03770801311183358,0.3488620576225866,0.02779811963578946,12.549843737395621,4.824061827748283e-36,0.21154569568094575,0.0318404110511737,6.643937332999592,3.1020319383729606e-11,0.22837771352641706,0.024593808929576393,9.285983890513647,1.6980522599415775e-20,0.23009129614734825,0.03721465677467549,6.182813871977586,6.371325669979674e-10,0.13916145852468398,0.0316864764247945,4.391824974764025,1.1275613282262804e-05,0.20829579152730054,0.026127190042195176,7.972376332506662,1.6068687978467717e-15,0.1846808916165273,0.0404449517443712,4.566228506929289,4.983875482482056e-06,0.1810488908892586,0.023751617729038322,7.62259198319411,2.5535544703139696e-14
-0.594,0.009495562523699541,0.009040827220478387,32689,-0.1573276001224868,0.012645475665192904,-12.441414169617701,1.8738798025643733e-35,0.3503682139661965,0.10639175663086484,3.2931894825444843,0.0009916288872227202,-0.011028113559266558,0.023813029949356274,-0.4631125725168239,0.6432867631799963,0.24762279748532812,0.06100950317376368,4.058757809911407,4.944916945866274e-05,0.20063688118240847,0.08190529919030658,2.4496202707987136,0.014305905280504837,0.10259201240110358,0.017838048301278314,5.751302534243705,8.93471163588675e-09,0.24424502660224826,0.055961393693024,4.364527230005267,1.2778860893288544e-05,0.06269308262187077,0.02357358200258937,2.65946357303631,0.00783033630951514,0.3012663659072832,0.028394548134529487,10.61000740282692,2.954283066712089e-26,0.23231318205868298,0.03252356979756844,7.142917690297682,9.327873727351952e-13,0.24604009831210272,0.025121486654917247,9.79401027064388,1.2834467890904565e-22,0.22274541455859043,0.03801312379913812,5.859697712179097,4.681524709297844e-09,0.12052891679239436,0.032366332393903643,3.723897886406696,0.00019649983005330565,0.24407482561551164,0.02668776755381575,9.145569224677034,6.265225878961065e-20,0.19301117934731885,0.041312727053153274,4.671954458464802,2.995345482111973e-06,0.20573468196079858,0.024261225641025966,8.479978918002365,2.3456771483621338e-17
-0.54,0.0077116146295652666,0.007256060325382729,32689,-0.17001780468004357,0.01286432422356633,-13.216225098601422,8.948550654974687e-40,0.19986792864798772,0.10823302248578005,1.846644619706956,0.0648077000553657,0.001975377340320556,0.02422514946252449,0.08154242116757215,0.9350110894356788,0.21507870737987494,0.06206536237354123,3.4653581185173916,0.0005302053493213693,0.08815634996069702,0.08332279087868026,1.0580100478037817,0.2900586835607644,0.129580180519708,0.018146761967595803,7.140677810790483,9.480914961637796e-13,0.16175394110591618,0.056929887932271675,2.8412833220109537,0.004496017196689982,0.10625442504459505,0.023981557516801526,4.4306724019135535,9.424479719155646e-06,0.312173534670812,0.028885957559483828,10.807103556389436,3.541585942284905e-27,0.20549281860904958,0.033086438016353366,6.210786984911532,5.335420350180368e-10,0.2187028533064056,0.025556250936165974,8.557704878257706,1.200860339953188e-17,0.22947961939778727,0.03867099682526798,5.934153195860811,2.983385440423302e-09,0.1324600119375217,0.03292647938811581,4.0229023691288,5.761458302858949e-05,0.22786271759000803,0.027149638630080127,8.392845322720067,4.9337798321587724e-17,0.16247991238755544,0.042027704567438776,3.866019190432726,0.00011084022789925718,0.20454981684480195,0.024681101839951845,8.28771009378895,1.1981211930624178e-16
-0.486,0.005870363070193174,0.00541396345724221,32689,-0.14856976174705191,0.013854785953086533,-10.723353088970237,8.763578497872362e-27,0.31986177528447723,0.11656619761254515,2.744035422238504,0.006072210281176167,0.0007698667596083859,0.026090314162787745,0.02950776118696325,0.9764598093308576,0.2929322808737368,0.06684395509955336,4.382330166392175,1.1778235665612707e-05,0.14608213666432468,0.08973805483875394,1.6278727784640836,0.10356150650576001,0.10879426137788258,0.019543933939574723,5.566651100758374,2.6171780887150678e-08,0.13337549692483258,0.06131308554785208,2.1753186246146274,0.02961339260866139,0.10331612766575697,0.0258279673648343,4.000164868042445,6.34376687418581e-05,0.3020235741900806,0.031109971428071013,9.708256238305639,2.9799741970327603e-22,0.21781279337267082,0.035633859089689426,6.112523283667989,9.917635087670489e-10,0.182616163103531,0.02752390100953065,6.634821242828073,3.299648567332465e-11,0.1606782535414808,0.04164838932037153,3.8579704080630086,0.0001145519136304226,0.1387228772308834,0.035461584781527875,3.9119198446862664,9.175049978222935e-05,0.22907012334984095,0.029239968255334464,7.834144050688222,4.862857192891815e-15,0.06563283719775871,0.04526353975242057,1.4500155656573201,0.14706377741261856,0.13721847269217763,0.026581371639595158,5.162204364494846,2.4548625483676386e-07
-0.432,0.005179481378341122,0.004722764585290973,32689,-0.1387198886352942,0.014166348920141902,-9.792211770109686,1.3064193815714432e-22,0.24762830030466687,0.1191875091585699,2.0776363400229823,0.03775065703607222,-0.017762685025501414,0.02667702663308426,-0.6658420096740663,0.5055167906131389,0.309020358627521,0.06834712527129415,4.521336594639625,6.1666054918583265e-06,0.0790658357657215,0.09175606180890934,0.8616960471819678,0.3888611252394003,0.1144438770177881,0.019983433046003828,5.726937746598748,1.031553574533882e-08,0.13352987754771609,0.06269187890613942,2.1299389949315986,0.03318410090861602,0.08135486319844751,0.026408780245844875,3.0805990447532228,0.0020675621001153685,0.2940420105089713,0.03180956469757066,9.2438237776774,2.5181034237176218e-20,0.1804168427214991,0.036435184415335706,4.951720311467971,7.392657716824783e-07,0.17512696047986545,0.028142851622878613,6.2227866183076035,4.943223694833786e-10,0.1763135122606263,0.04258496790005297,4.1402758051722515,3.477584261512774e-05,0.03894005854442356,0.036259036045548095,1.0739408101061376,0.28285714208591334,0.17714491100860708,0.02989750936041428,5.925072516012165,3.152824510767248e-09,0.13152194030590214,0.04628141493233637,2.841787367525124,0.004488917292458133,0.13244764961144162,0.02717912688781599,4.87313849919204,1.1035337062876617e-06
-0.378,0.003917919866256336,0.0034606238970460446,32689,-0.115740451769746,0.01433343529907415,-8.074857796108523,6.985517879359746e-16,0.2190459872449686,0.12059327781720744,1.8164029638284942,0.06931774028027446,-0.010094550979363924,0.02699167141600808,-0.3739876209880467,0.7084159528196481,0.26670430056550054,0.06915325208183544,3.8567137847672686,0.00011514187817661248,-0.012443085187529315,0.09283828759617171,-0.13402967148267844,0.8933799371706317,0.126282887317272,0.020219129588924946,6.245713336069798,4.2705903931612945e-10,0.16530345324348059,0.06343130436388685,2.606023238859838,0.009164179929876903,0.08570179505761581,0.026720261170687962,3.207371159666298,0.001340830820813309,0.27072194849177356,0.03218474569944273,8.411498758446337,4.210399329911093e-17,0.13467772585927074,0.03686492273845658,3.6532756847141914,0.0002593207477210797,0.14634394273506227,0.028474785221083897,5.139422179967953,2.771692476156437e-07,0.0633910563367643,0.043087240442080295,1.4712257198735494,0.14123971442213362,0.06632174936364088,0.03668669676960456,1.8077874325984393,0.07064878260238108,0.15179230241548075,0.030250138439811156,5.017904388024624,5.25119783222296e-07,0.07714026365806581,0.04682728557808264,1.6473357937742832,0.09949866079916009,0.09334428954457202,0.027499693740985078,3.394375603734571,0.000688670060449059
-0.324,0.0028580290075744808,0.0024002464481251984,32689,-0.06677306235610594,0.014644330220730518,-4.55965287245312,5.142398750197837e-06,0.15446581542665822,0.12320896881360711,1.2536897022516036,0.2099637826079972,-0.062020219039689975,0.027577125872330657,-2.2489732732415595,0.02452082950449013,0.05519480768115337,0.07065319919428058,0.7812074797827615,0.43468613544115964,0.026109316106963616,0.09485196760704724,0.27526383232374574,0.7831152897600515,0.07199174520817586,0.0206576863325351,3.484985881249997,0.0004928080048961853,0.1481044456708641,0.06480714134848228,2.2853105782659635,0.02230099908581344,0.028516868694329043,0.02729982868747407,1.044580499782161,0.2962246241819095,0.22274127528543664,0.03288283891882641,6.773784825430951,1.275803379047773e-11,-0.009153548463206962,0.03766452988269652,-0.2430283476712714,0.8079849629929483,0.1027043245420922,0.02909240869625057,3.530279174007642,0.0004156922759883447,0.04210609340571589,0.044021810833764066,0.9564825391830803,0.33883557869060676,-0.04858944780569669,0.03748243815888295,-1.2963256979103825,0.19487245466002703,0.09401953505816987,0.030906269661957662,3.0420861555446126,0.002351309827613662,-0.004768240281804122,0.047842978255895806,-0.09966436989562873,0.9206113998180714,0.042372921152502525,0.028096167297588074,1.50813883985308,0.1315286653098182
-0.27,0.0022801570214355804,0.001822109164040242,32689,-0.08410014790345932,0.014861683418367041,-5.6588574481086615,1.536579358335886e-08,0.09664719610378972,0.12503765356364277,0.7729447358398914,0.4395606791818424,-0.05174120818884604,0.027986429432113196,-1.84879633589397,0.06449625468557854,0.04142275784073617,0.0717018438599402,0.5777084048445099,0.5634649847984938,-0.009630649799155701,0.09625977377849801,-0.10004853970794335,0.9203064034536882,0.07846070671067472,0.02096429060275244,3.742588203789422,0.00018244633929874641,0.027536777086633386,0.06576901800582742,0.41868919320330295,0.6754460467475518,0.04708027071255055,0.027705016563649657,1.6993410057845688,0.08926446978456838,0.20307556607399435,0.033370890613826844,6.085410438217442,1.1748378310597721e-09,-0.0269021432554562,0.038223552103862475,-0.703810655335137,0.4815557127323895,0.06753143240120088,0.02952420229566882,2.2873245388617223,0.022183248902227386,0.025632632396715014,0.044675188708084596,0.5737554364728723,0.5661372579816981,-0.022098873829869393,0.03803875774921243,-0.580956769817935,0.5612735968911173,0.06660882646230626,0.03136498483955819,2.1236683774288894,0.03370537565334561,0.04428502694160928,0.04855307043161396,0.9120952917691142,0.3617252861617648,-0.024293806239183435,0.028513174542809622,-0.852020395088199,0.3942090173174334
-0.216,0.0026880617299006593,0.002230201139380883,32689,-0.08406867834395368,0.014979579100759826,-5.612218993502252,2.0136522899049002e-08,0.10864582367875947,0.12602956000362653,0.862066198403241,0.3886574175762766,-0.05923888962929067,0.02820844191231169,-2.1000411796383416,0.03573286568209043,0.06410017274964493,0.07227064468638233,0.8869461871802433,0.37511440174545674,0.03915162277906848,0.09702338927191956,0.4035276758817548,0.6865627198054354,0.06834370067360614,0.021130597425264724,3.234347770588409,0.0012204202573434955,-0.010295706869293033,0.06629075454399898,-0.15531135435273244,0.8765768241665137,0.05590010631914051,0.02792479663442133,2.001808895905641,0.04531354079565478,0.22214250090136656,0.03363561728107033,6.604383057550882,4.052919803988743e-11,-0.00516229542244838,0.038526774264630054,-0.13399241231539294,0.8934093996998465,0.06781369212756583,0.029758413715651612,2.278807357661636,0.02268494145497981,0.011810719057503902,0.04502959081116376,0.2622879498735259,0.7931011050980971,-0.09871253615694844,0.038340513961881775,-2.574627357762827,0.01003917354057943,0.04565462560927566,0.031613798933278495,1.444136014960764,0.14871030775847152,0.07421701334994729,0.048938235234931314,1.5165445381032538,0.1293913917972743,-0.010761279968403783,0.02873936561923604,-0.37444389382070997,0.7080765216362304
-0.162,0.002124205993241146,0.001666086539560685,32689,-0.07031361824873014,0.015124867548729066,-4.64887497508291,3.3505372483887906e-06,0.0693719710562288,0.12725193341265273,0.5451545544009087,0.5856509456949367,-0.021877409187597716,0.028482038434450442,-0.76811248036011,0.4424259141948633,-0.07109524431249878,0.07297160495566575,-0.9742864276548808,0.3299215546779106,-0.07661520147427868,0.09796442890655907,-0.7820716389553618,0.43417814061173654,0.1121632688625166,0.021335545220121245,5.257108159426694,1.4725690120233417e-07,0.0020867383091477073,0.066933715255887,0.03117619126878174,0.9751292177226005,0.045926448732316515,0.02819564205241214,1.6288491904864248,0.10335458920859134,0.1637343327996728,0.03396185252428929,4.821124898371521,1.4339214245844925e-06,-0.050343032783303585,0.03890044933256874,-1.2941504184928458,0.19562261620806837,0.0694643602717413,0.030047043570582202,2.3118534144154848,0.020791949987430527,0.026386060086437117,0.045466337352414184,0.580342768363242,0.5616874937939424,-0.026184511105032116,0.03871238247236497,-0.6763859373347548,0.49880043126518914,0.02971302378265777,0.03192042435649847,0.9308467660333184,0.3519397121970931,0.04733230194240691,0.04941289211252516,0.9578937787049533,0.3381234116468165,0.018474838689249755,0.029018111623937037,0.6366657806226736,0.5243470278850879
-0.108,0.00381386809715889,0.0033565243583365545,32689,-0.04473547649931856,0.015178539552020207,-2.947284641318765,0.0032080448759618362,0.040947508535798476,0.12770349876798054,0.32064515797013826,0.7484813625825706,-0.055738087539307084,0.028583109604539508,-1.9500358187219378,0.05118039052810446,0.03580100876065955,0.07323055150238572,0.48888077484290443,0.6249293887422662,-0.10814276166359499,0.09831206482031155,-1.0999948161118511,0.2713424849730245,0.13401491920867997,0.0214112563924395,6.259087124658495,3.920404667256405e-10,-0.06990475880361925,0.06717123578781418,-1.040694844805892,0.2980248972537455,0.058085454548496014,0.0282956969182255,2.052801693358635,0.04009976045000498,0.16522407034407202,0.034082369325813947,4.847787099675946,1.2541910476404058e-06,-0.03401638410924588,0.03903849120552253,-0.8713549898781384,0.38356675623226466,-0.017668270693016335,0.030153668307375012,-0.585941004355182,0.5579192082626143,-0.020019556566620862,0.04562767889144934,-0.43875903953493767,0.6608390438354466,-0.152400384011387,0.03884975697252311,-3.9228143465395098,8.76994766880756e-05,0.03367509494466459,0.03203369695975248,1.051239730055959,0.2931562749784501,-0.011005786520380596,0.049588238369247334,-0.22194348664755048,0.8243592643141535,0.003082216583067292,0.02912108509974202,0.10584140572064729,0.9157088340194606
-0.054,0.005468404132877858,0.0050118199827230425,32689,-0.04583086083042521,0.015466413970378703,-2.9632506228140882,0.0030462797918654368,0.16284425559086713,0.1301255084945543,1.2514399173139992,0.21078298120917136,-0.049950263982718096,0.029125213541751887,-1.7150179486620025,0.0863514183567668,0.15609813074214585,0.0746194336374272,2.0919232850334986,0.036453078034199705,-0.06347946433163634,0.10017664002405723,-0.6336753190802953,0.5262971710129674,0.18469860565428553,0.021817339794546378,8.465679473005878,2.6514461279320733e-17,0.07039333344533075,0.06844519764472186,1.0284627098415446,0.30373983669169363,0.1059275251825897,0.0288323498198084,3.673912318787676,0.00023924612330717722,0.12253741827066586,0.03472877158423428,3.528412111365719,0.0004186345429096852,0.0017915376813205791,0.03977889069592589,0.045037396719161564,0.9640777761460173,-0.06850701179546077,0.0307255592785459,-2.229642467185154,0.025777956882396154,0.060142295122468895,0.04649304815025764,1.2935760832049386,0.1958210328605633,-0.1561988452134304,0.03958657695138237,-3.9457527587005954,7.971588353917873e-05,0.04281554594119018,0.032641244336004085,1.3117007887460832,0.18963032704080876,-0.011186343433876977,0.05052872313914534,-0.22138583243182636,0.8247934063380533,-0.013520351225392085,0.029673392217717726,-0.4556388809945093,0.6486527070871084
0.0,0.0040487425223239,0.0035915066130971507,32689,-0.08074244560544439,0.015538993114360706,-5.196118243390202,2.047137761665196e-07,0.056138375739039896,0.13073614765336936,0.42940209534002655,0.667633460635136,0.019132205835781128,0.029261889248945676,0.6538267462163426,0.5132280342819746,0.26756455930417916,0.07496959978636118,3.568974091720518,0.00035889521377073134,0.024268673189140947,0.10064673831535242,0.24112726945110607,0.8094579913084503,0.17460345336714425,0.021919721888371446,7.965587075252652,1.6974231851891693e-15,0.03040250708054613,0.06876638999507839,0.4421128851277788,0.6584104470292729,0.17532472596726506,0.02896765120724825,6.052431545550904,1.4422689710818892e-09,0.1311243226155412,0.034891743073162326,3.7580330206087655,0.00017155200729765548,0.12191059575618822,0.03996556084718354,3.0503912161357674,0.0022872654142966605,-0.03683253246150678,0.030869744918156743,-1.193159598796778,0.23281553788501289,0.16545753927521684,0.046711225786154525,3.542136531220283,0.0003974526949709228,-0.03968207041416573,0.039772344633135344,-0.9977302263720604,0.31841758094883693,0.1200310540372949,0.03279441969888729,3.6601060527796916,0.000252507779320587,0.10569368542303544,0.05076583896178958,2.0819844128369263,0.03735165641517846,0.06195131571105114,0.029812640359551303,2.07802177076219,0.03771514213765345
0.054,0.007235074704560085,0.006779301623440093,32689,-0.06709660702281278,0.01575618345494274,-4.258430172172467,2.064421531357536e-05,0.21403007893398573,0.13256346221784887,1.6145480462954285,0.10641826030664421,-0.025419990467647327,0.029670886128298095,-0.8567317591301545,0.39159943054628576,0.3622893906398941,0.07601745873005622,4.765870849832159,1.888476341654252e-06,0.14278624946249857,0.10205348965453542,1.3991314745419186,0.16178305378942193,0.23417299812916753,0.02222609642804475,10.535948086398541,6.49137405371048e-26,0.15338475341913688,0.06972754594345353,2.199772720289429,0.027830001003647385,0.16517213912443532,0.029372535486767586,5.623353121791133,1.8881370006219453e-08,0.11133902676468457,0.0353794290838188,3.146998966571984,0.0016510370387852037,0.22797876567947392,0.04052416420765031,5.625748738734881,1.8621417928416798e-08,-0.04923617355810665,0.03130121498594761,-1.5729796297112038,0.11573321771832777,0.28576695840980954,0.04736411410155787,6.0334065954885086,1.6226288573020715e-09,0.029880587865671195,0.04032824738777609,0.7409344516848088,0.4587385099707064,0.1337405561816703,0.03325279117322747,4.021934744814675,5.785171815561482e-05,0.11320537896124552,0.05147539908405092,2.1992132353631613,0.027869744172927056,0.002497141672402019,0.030229335152173138,0.08260656940787875,0.934164883528936
0.108,0.010344491752009022,0.009890146187667814,32689,-0.045863956547639716,0.015735645563960905,-2.914653635353938,0.0035632512210741246,0.3451324901954688,0.13239066821967094,2.6069246030453086,0.009140096920905016,-0.04888942340991594,0.029632210682154683,-1.6498743186703404,0.09897825675845683,0.3832497581787263,0.0759183713917691,5.048182029630279,4.4842706032660084e-07,0.2689959507364368,0.10192046483600407,2.6392731937522735,0.00831234290700442,0.2686573968468534,0.022197125126289075,12.103251899439451,1.1983081295053695e-33,0.19797779885916678,0.06963665738905755,2.8430112283114304,0.004471720446072088,0.18490188509038472,0.02933424893511551,6.303276606787159,2.951339142924269e-10,0.11844394362623059,0.03533331265850547,3.3521890452498697,0.0008026618604243897,0.3210966182004804,0.04047134171614995,7.933925701117734,2.1906176634485592e-15,-0.07929054273303507,0.031260414436574804,-2.5364520644443163,0.01120282165140144,0.3197089078470049,0.04730237586306562,6.758834033464232,1.414414007791276e-11,0.11494361392698775,0.04027568027019288,2.8539211046437596,0.004321040240530765,0.18066624272250342,0.033209446780728465,5.440206333920159,5.360049651666131e-08,0.16219692038569938,0.05140830186233743,3.155072517665236,0.0016060370126510953,0.025307575485465725,0.03018993177815277,0.8382786576477059,0.401880351821026
0.162,0.017133065029543593,0.01668183606297924,32689,-0.02028751879346156,0.015781393390026096,-1.2855340648363378,0.1986148322052749,0.727926888156889,0.13277556410702107,5.482385957480536,4.227281566000976e-08,-0.10059436073907867,0.029718359624357534,-3.3849230580220278,0.0007128192828614255,0.46114279600179475,0.07613908686451319,6.056584272180491,1.405581404077564e-09,0.25486320026433307,0.10221677550713913,2.493359813003812,0.01265896196738135,0.31162417542496335,0.022261658240948855,13.998246314452496,2.1471463117328902e-44,0.1549462534603399,0.06983911020086288,2.2186172334484513,0.026519621845707827,0.22099953280523016,0.029419531621013705,7.512000383016812,5.97162870810236e-14,0.1632686305733716,0.03543603626366282,4.607417978652205,4.092381737634127e-06,0.5002039408573002,0.04058900297726121,12.323632121181316,8.076713710658685e-35,-0.0635379400937501,0.03135129701247913,-2.026644705271981,0.042706866638469204,0.41189237255512157,0.04743989680903875,8.68240447935889,4.051458711056563e-18,0.20693953261673304,0.04039277268995848,5.123182164421646,3.0212828195360264e-07,0.2680689762889129,0.03330599572680574,8.048670230061981,8.651103460418082e-16,0.21265673478929698,0.05155775985834691,4.124631003627072,3.722475151579016e-05,0.023862667754443612,0.030277702168143638,0.7881267746781149,0.43062827305877993
0.216,0.021033890075294104,0.020584451956698557,32689,0.025706682711638913,0.015930235416780562,1.613703880644479,0.10660132883277909,0.6600461707322576,0.13402783528338288,4.924694704922178,8.490410234243145e-07,-0.07244207684033785,0.029998647984769554,-2.4148447249061693,0.01574737437691877,0.4957913066359271,0.07685719176970558,6.4508121519911,1.1280598407110388e-10,0.29571692682150624,0.10318083182705853,2.8660064237237166,0.004159511729280661,0.34874195277132747,0.02247161880967735,15.519218073472416,4.014406550205455e-54,0.2103756474542354,0.07049779695000598,2.984144988295518,0.002845822344185528,0.2311158884752626,0.029697001588615313,7.782465437987636,7.321402180108751e-15,0.13701611098900296,0.03577025082427074,3.8304487061643733,0.00012814873993851567,0.6250210967125004,0.04097181768302076,15.254902810219159,2.314989776898714e-52,-0.13389172288676693,0.03164698640272447,-4.230789029417356,2.335071061007582e-05,0.34983848742244505,0.04788732563966042,7.305450508029787,2.826499502906223e-13,0.22074924009822267,0.04077373665206372,5.4140056375492795,6.206391738636196e-08,0.31578054255333365,0.033620120835060524,9.392605817883437,6.2202265709245444e-21,0.184395491833422,0.05204402626604487,3.5430673808903084,0.0003960529392768774,0.057223140366808256,0.03056326596120026,1.8722848677053172,0.061176128089468124
0.27,0.020887418827400084,0.02043791346463608,32689,0.06802104750650102,0.016180598417916647,4.203864761341698,2.6309307615290376e-05,0.7766128862068158,0.1361342455277647,5.704757705866338,1.1751385250874747e-08,-0.023942041549730383,0.030470113179287675,-0.7857549267655886,0.43201677548358575,0.45426338227566054,0.07806509590212574,5.81903316746314,5.974074863464906e-09,0.3933701587036927,0.10480244394013055,3.7534445182252556,0.0001747229875421621,0.34304793108725073,0.022824787597104726,15.029622055749847,6.951476715994735e-51,0.1918271225308186,0.0716057554676368,2.6789344135544733,0.007389383146582267,0.2770985332328174,0.03016372604358708,9.186482228104229,4.2914091782354494e-20,0.19521499234018946,0.036332423768577725,5.373024205145986,7.79559304100904e-08,0.6622896332432794,0.04161573956921688,15.91440258178601,8.235549206115473e-57,-0.14109424010688065,0.0321443572378317,-4.389393729759276,1.140232844131073e-05,0.3545652165878625,0.048639933134142097,7.289590954206731,3.1793634296090283e-13,0.19793324292724052,0.0414145454542356,4.779317043234559,1.7665564185879993e-06,0.352880289604109,0.034148501874675115,10.333697533765273,5.421134137047891e-25,0.12922411201064232,0.052861961360302606,2.4445576494951036,0.014508236593800775,0.07234426279298338,0.03104360481309859,2.3304079287357222,0.019790656276100115
0.324,0.01683411754080444,0.016382751329042766,32689,0.09116310937727838,0.016473864405079468,5.533802339004904,3.1576322796263024e-08,0.8281745547898056,0.13860161681220115,5.9752156853404115,2.321618180549974e-09,0.039125995804447436,0.031022370122429654,1.2612187801910961,0.20723903909515215,0.3594237905173643,0.07947999026025694,4.5221921812072745,6.141740715620146e-06,0.280340120587535,0.10670194057093164,2.627319794630866,0.008610060041579243,0.3137703326234246,0.023238476491270383,13.50219033254153,1.9611030325958967e-41,0.1136225626494091,0.07290357721819105,1.5585320636510245,0.11911685877816965,0.3064469366884841,0.03071042985924363,9.978594832212863,2.0430973466436238e-23,0.126553500379039,0.03699093242488994,3.4212033080270627,0.0006242098006566846,0.6240417524138696,0.042370005921489935,14.7283848288857,6.083964670845599e-49,-0.126672920892399,0.032726959093065236,-3.8705985646934336,0.00010877939980649482,0.3167834278833156,0.04952150980007818,6.39688549808341,1.6072076984773736e-10,0.16048825140628312,0.0421651652546805,3.8061810130927514,0.00014138650677949697,0.3373140725043353,0.034767427939938485,9.702013996751585,3.1675254050141523e-22,0.12602972709969443,0.0538200603676005,2.3416868401649715,0.01920278954432955,0.10751868572221204,0.031606256031271394,3.401816577573519,0.0006701973024211164
0.378,0.017163962375504216,0.016712747593746524,32689,0.02860409403584976,0.016645876607971816,1.7183891668493494,0.08573512864927266,0.8668251213844962,0.14004882851954997,6.189449283850972,6.109143303892361e-10,0.2021675196426544,0.03134629085483872,6.449487774450581,1.1379483856591864e-10,0.5674501065142801,0.0803098822561091,7.065756922724346,1.6293872225034397e-12,0.35292527252641737,0.10781607113551461,3.2734013474004597,0.0010637183524078867,0.3162365402395554,0.023481121534038432,13.467693175606465,3.122522465254881e-41,0.23514911172913155,0.07366480145845897,3.192150213853991,0.0014135153773819004,0.4546688751709462,0.03103109346081065,14.652041693121454,1.8632556079489764e-48,0.1575889958136394,0.03737717402655599,4.21618273499421,2.491401646167663e-05,0.6640683167243401,0.04281241323260451,15.511116206329797,4.5502679820192365e-54,-0.025326752835041946,0.03306867832718921,-0.7658834315799727,0.443751197911495,0.3885891323817646,0.050038589689884734,7.76578905980473,8.35017253424348e-15,0.14226459886981452,0.04260543371764911,3.3391186629531258,0.0008413860674418279,0.3392193744190301,0.03513045277259438,9.6559920993577,4.961796710812587e-22,0.22689261523698936,0.054382023663885476,4.1721988250993745,3.0245318015632023e-05,0.17195892109984187,0.03193627342072146,5.384439155893137,7.31714969201615e-08
0.432,0.018345733300500378,0.017895061063470052,32689,-0.02367237308957007,0.016778450161785852,-1.4108796021867163,0.15828963866968337,0.7607109670076851,0.1411642261247105,5.3888367321593265,7.140526603419436e-08,0.2972826288938081,0.03159594362323207,9.408885913925362,5.330708473423244e-21,0.4985158984357778,0.08094949810499628,6.158356878126326,7.435899907522517e-10,0.5058631560005635,0.10867475584436659,4.654835909868631,3.2551122765846565e-06,0.2917980641322511,0.0236681333570034,12.328731621157107,7.583782815823047e-35,0.21943804433644634,0.07425149357148811,2.9553350886494294,0.0031255251871632334,0.5414079183724101,0.03127823588747414,17.309413495063044,7.942411026861477e-67,0.14889293987402036,0.037674858847183176,3.952050370724948,7.764730733153653e-05,0.6439884208507001,0.04315338618964802,14.923241898574002,3.4065310396869198e-50,-0.009162798076024443,0.033332048788776616,-0.2748945357091188,0.7833990034944802,0.4682668048561607,0.050437114430831896,9.284171192987838,1.7271264816520346e-20,0.09585110977232061,0.04294475821780983,2.231962962422029,0.025624163390251743,0.32589813265541423,0.035410243923330684,9.203498664427169,3.664707696606002e-20,0.2855554728034841,0.05481514102444957,5.209426947859458,1.905726131787955e-07,0.20519656261785071,0.032190625015574334,6.37441995980424,1.861040715874459e-10
0.486,0.01954057723050051,0.01909045353994432,32689,-0.09751594131059856,0.016800432216757755,-5.804370985963702,6.52044528656779e-09,0.7681333889656223,0.14134917048779636,5.43429711200138,5.5405649585486224e-08,0.37720304812553346,0.03163733861281204,11.922717417601591,1.0536992887208138e-32,0.45245927650399753,0.08105555297300458,5.582088578862553,2.3953092060021707e-08,0.34848653330549273,0.10881713457625149,3.2024968738843014,0.0013637228313145625,0.2542270078549326,0.023699141835350282,10.727266397288727,8.401603919813739e-27,0.27928637763664244,0.0743487731412753,3.756435591828138,0.00017264975066916675,0.6207641792214023,0.031319214636647795,19.82055381730494,6.424866598936177e-87,0.11875930249545727,0.03772421804366746,3.1480918267938143,0.001644878538532534,0.5995158869024266,0.04320992300313781,13.874495607383775,1.2029018496455141e-43,0.070123948610978,0.033375718312584596,2.1010468734851817,0.03564449211190706,0.413230031977829,0.05050319392037664,8.182255415951072,2.885794233554979e-16,-0.012065751901565624,0.04300102170024095,-0.28059221442866356,0.779024964789941,0.288405073991286,0.03545663616581944,8.13402243355819,4.298328582817919e-16,0.27438167645356865,0.05488695632512832,4.999032462799388,5.79163556566343e-07,0.2968734300697208,0.03223279911877511,9.210290082960762,3.440659704657141e-20
0.54,0.02525658163711275,0.0248090821336866,32689,-0.1832418236052237,0.01695425436582599,-10.80801429843927,3.506730818970313e-27,0.7604663750269283,0.14264334154797645,5.331243412936693,9.818909928619648e-08,0.5141886485540823,0.031927005173376356,16.105132497139433,3.933551585862844e-58,0.5737933661039462,0.08179768503195158,7.01478734856387,2.3477620461028804e-12,0.372654479807042,0.10981344736630401,3.3935231863178004,0.0006908161989140955,0.21502162894453664,0.023916127498644725,8.990654066245526,2.5865871613422746e-19,0.43665329639799455,0.07502949896532703,5.8197549286552315,5.948362182006173e-09,0.7381605767306225,0.03160596850347589,23.3551006876895,1.1719052867017756e-119,0.08513702981252118,0.0380696151272977,2.236351208906074,0.025335496184931392,0.5366287816125752,0.04360554634970778,12.306434078566967,9.985891019287864e-35,0.16816600165958387,0.033681301207792315,4.992859409501612,5.979773016825748e-07,0.4665467273167579,0.05096559332316661,9.154150808339304,5.787964716635417e-20,0.02110075320646252,0.04339473237891403,0.4862514883653391,0.6267921309597466,0.24717650475780678,0.03578127162182376,6.907985478275974,5.0057829075813245e-12,0.37379146176868805,0.05538949277590631,6.748418211391933,1.5195902357751504e-11,0.3771763366172617,0.03252791762328532,11.595465193482214,4.997889475332862e-31
0.594,0.03414498206996919,0.03370156318376494,32689,-0.282431217483343,0.01707142957209371,-16.544087083663285,3.1363027116988506e-61,0.7379245667757509,0.1436291863163722,5.137706239944321,2.7970929480266196e-07,0.6208841922448609,0.03214766090591281,19.313510680046516,1.1961741881071079e-82,0.6305120187567449,0.0823630098412313,7.65528141786178,1.9819530380666086e-14,0.10022607942031954,0.11057239630433882,0.9064294776108303,0.36471526078924876,0.2046509964572621,0.0240814179981448,8.498295095123888,2.0043724737883763e-17,0.4730310919327694,0.07554804710243333,6.261327857904794,3.8645413908797297e-10,0.8328647236295332,0.03182440546913511,26.17062946980382,1.998976581860801e-149,0.04307497425927925,0.038332724014826555,1.1237128423907068,0.2611431226419651,0.4980369315845828,0.04390691547970281,11.343017976628628,9.13212024407413e-30,0.27102234368948375,0.03391408133077685,7.991439928627298,1.3772733095183172e-15,0.6166949538560935,0.051317829628069286,12.017167489849964,3.392329291928023e-33,-0.02600889196351172,0.04369464451941375,-0.5952421000233985,0.5516857750532281,0.17935316122357375,0.03602856517967314,4.978082261370834,6.454376588143146e-07,0.4515972224327496,0.05577230378611288,8.097159195084135,5.819393271329251e-16,0.4687341296286305,0.03275272641609489,14.311301101281499,2.568530177383436e-46
0.648,0.04153625265345784,0.04109622706014837,32689,-0.34729849406440605,0.01723987610598761,-20.145069020756203,1.0438934524903327e-89,0.4983184882104549,0.14504639853628748,3.435579878157308,0.0005920218823418866,0.7267201774892095,0.03246486703264807,22.384819157225817,3.734025986373146e-110,0.6784521455121815,0.0831756988705967,8.156855364301844,3.560497153197261e-16,0.2721766812698131,0.11166343187480185,2.4374737252834957,0.014795585254342679,0.1646578491545312,0.02431903321226071,6.770739926927568,1.302908737408817e-11,0.41847050627997917,0.07629349180131555,5.48500922424373,4.165085258114105e-08,0.8926281080791869,0.032138421982624586,27.774484651479778,7.898887759277317e-168,0.0259623995818788,0.03871095915135924,0.6706731155992861,0.5024335337046877,0.42865919847542666,0.044340152057535664,9.667517556529793,4.435160528116887e-22,0.371265966220619,0.034248717011183115,10.840288297497125,2.4686504435864162e-27,0.671403643922937,0.05182419088453586,12.955410059731031,2.721287571566716e-38,-0.05507720108009473,0.04412578658563257,-1.2481862725145836,0.21197179437247643,0.11308070574397064,0.03638406481138571,3.107973403471515,0.0018853663250687008,0.474529804211181,0.05632261805360724,8.425208568243912,3.7464594225830965e-17,0.4989661303873043,0.033075902821273345,15.085487857534323,3.0038547400474403e-51
0.702,0.04809952901920078,0.04766251659105791,32689,-0.39588472176275524,0.017521109527663968,-22.59472901174982,3.54183418251347e-112,0.5119237585076801,0.14741253473769708,3.4727288247134958,0.0005158619883946215,0.7733459810220782,0.03299446513322193,23.438657905183035,1.707368011924171e-120,0.7657681129988052,0.08453254077885011,9.058855985438438,1.3895790676950945e-19,0.17545949430464905,0.1134849930524584,1.5461030536746208,0.12208936658297574,0.1354416954519549,0.02471574864571848,5.479975435638584,4.285227109011302e-08,0.49171377422647156,0.07753806453600412,6.341579160750763,2.3039150502139477e-10,0.9432059539192681,0.03266269479792128,28.877162761821346,4.3800650161946555e-181,-0.017956817618115253,0.039342449507298025,-0.4564234775159148,0.6480885202287163,0.30282604687499354,0.045063471216219175,6.719989355058845,1.8471951626669477e-11,0.45663504094563134,0.034807414986381166,13.118901277911487,3.2249858693676144e-39,0.6833429932726787,0.05266959687460588,12.974145120183096,2.1340710592630836e-38,-0.08980320311254425,0.04484560880879392,-2.002497134010018,0.04523953901395145,0.13138537963091987,0.03697759663136478,3.5531076002780946,0.0003812450341557946,0.4996161259319466,0.0572414067093729,8.728229347482786,2.7073189607447346e-18,0.5864785521127596,0.0336154687246635,17.44668672974544,7.413727310421153e-68
0.756,0.06249850109126509,0.0620680991543866,32689,-0.46266549574533333,0.017738582834599687,-26.08243849350181,1.9161524063552636e-148,0.379644510693563,0.1492422300182709,2.5438142451173857,0.010969502721466198,0.9066368121843493,0.03340399487400506,27.141568414318392,1.9253718636631264e-160,0.728657061308701,0.08558176492517654,8.51416258996014,1.748649498809872e-17,0.11913177384659288,0.1148935771770955,1.0368880208417977,0.29979572104260427,0.14755204714108622,0.02502252234534577,5.896769522459079,3.743265935261894e-09,0.5484590192409327,0.07850047272604575,6.9866970248060545,2.868182190252948e-12,1.0521571745199307,0.03306810658077217,31.817883855851594,8.081371446701327e-219,-0.07729863351181626,0.039830770899490386,-1.9406763104553735,0.05230614163973862,0.2543335857390257,0.0456228023528644,5.574703276048485,2.499073323724492e-08,0.5678654992940143,0.03523944719478786,16.11448375325267,3.385533360900031e-58,0.7252363592683733,0.053323335805305835,13.600731243003182,5.1604757278327265e-42,-0.10923177939420013,0.045402235821129844,-2.4058678481063818,0.016139618760521113,0.035955777870673014,0.037436565294808224,0.960445425148536,0.33683819278555505,0.6095679776702052,0.057951891281773124,10.518517414839314,7.806621060940071e-26,0.667242405190209,0.034032706407939456,19.605916649477773,4.251057858394481e-85
0.8099999999999999,0.07098060029679609,0.07055409244641353,32689,-0.48742392572625476,0.017883084875667265,-27.256143395565452,9.1054223927102e-162,0.3512698827818993,0.15045798705208827,2.3346708916176735,0.019566644810137018,0.9613502524981831,0.033676110492491196,28.546950299160486,4.5981422177552585e-177,0.6867201161447491,0.0862789310869362,7.959302549226041,1.7857155725470376e-15,0.05928817204585623,0.11582952321982345,0.5118571707606705,0.6087544342812432,0.13153673779514757,0.02522636081346222,5.214257370209027,1.856774454067621e-07,0.5589128461797868,0.07913995326625878,7.062334801985265,1.6699724857828183e-12,1.0992039431923444,0.03333748598608979,32.97201065644218,1.447517461009771e-234,-0.08744438188236839,0.04015524031995868,-2.1776580387916447,0.02943863391263182,0.19436165954310164,0.045994454819168105,4.2257628730953405,2.387781434931289e-05,0.5989292738607869,0.03552651477471919,16.85865550445121,1.6827406186618788e-63,0.7347746687050647,0.05375771835616942,13.668263668425194,2.0556544207975708e-42,-0.19060937719278492,0.04577209150838282,-4.164314343334654,3.130902164065028e-05,-0.055247143900988574,0.037741531037906235,-1.463828900992393,0.14325032406388105,0.6488420141567931,0.05842397897062775,11.105748454465827,1.3235745809459762e-28,0.6971616423249335,0.034309943636237565,20.319521644116126,3.1700601017283267e-91
0.864,0.08626954502410555,0.08585005624668574,32689,-0.5172298230664627,0.01801406127922383,-28.712560429834873,4.481027009111032e-179,0.43436872019560824,0.15155994715390808,2.8659862209803344,0.00415977711855121,1.0650247316147194,0.03392275562495833,31.395584232288552,3.450394837373328e-213,0.8091705696406556,0.08691084130684727,9.310352511533047,1.3511280207823965e-20,0.027840007363948954,0.11667786311657394,0.23860573565813203,0.8114128135920874,0.09759968596244073,0.025411119653289856,3.840825878359318,0.00012285248471024824,0.5956981966208706,0.07971957733719033,7.472420408116851,8.069996330602021e-14,1.173915800825181,0.03358165101960795,34.95706033451854,7.158078627329707e-263,-0.12999490275059244,0.040449338849246196,-3.213770767306744,0.0013113133898471382,0.09078938524221458,0.046331319980724,1.9595682851252074,0.0500547605281568,0.6968382514018461,0.03578671233953772,19.471982918977673,5.686087756235734e-84,0.7247721856110929,0.054151441959376045,13.384171489926546,9.582750814847273e-41,-0.2715265521916982,0.046107328072471775,-5.8890107829478024,3.923090795000902e-09,-0.081036987571357,0.0380179514672914,-2.131545347493982,0.03305168074786734,0.643157063758118,0.05885187844659842,10.928403319219656,9.41884254736123e-28,0.7652054267217833,0.034561230987102703,22.14057210541305,7.999855809762415e-108
0.918,0.09128194185165317,0.0908647542388773,32689,-0.5162514782306101,0.018364794153552303,-28.110931923010504,8.032640163123889e-172,0.21278686286362375,0.15451081176319356,1.3771648756188355,0.16847071318187487,1.085085567492581,0.034583229984463594,31.376061980909597,6.258125049424445e-213,0.7832694617659126,0.08860299105083715,8.840214675331913,1.0021672500943407e-18,0.026183735878458913,0.11894957529002911,0.2201246689163568,0.8257754382096367,0.08215951296369828,0.025905872885098956,3.1714628311542588,0.001518134427356121,0.49037176601042054,0.08127171353048569,6.033732336976973,1.6193633619265958e-09,1.1714289378973635,0.03423548408946583,34.21680659856097,3.892812694709504e-252,-0.19455681801042857,0.04123688545849665,-4.718028916277942,2.391249049099144e-06,0.03262891334549243,0.04723338846913384,0.6908018756015109,0.48969496422172787,0.7768231278080473,0.036483477843277205,21.29246370494232,6.378170306891366e-100,0.7741140593322569,0.05520576783253983,14.022340232282255,1.5324998544841226e-44,-0.36335326279320623,0.0470050354496036,-7.730092304318653,1.1054173640608386e-14,-0.17140501333032554,0.038758159085524733,-4.422424010183221,9.791440407533813e-06,0.7201146361879893,0.059997721583648904,12.002366376263215,4.053999552656862e-33,0.7370518042548119,0.03523413643005338,20.918685085925212,1.5568021407988448e-96
0.972,0.09732759645008149,0.09691318436508012,32689,-0.5375162066339609,0.01876269282043642,-28.648137651568625,2.7230339862197216e-178,0.32672619047612395,0.15785850221404818,2.069740849517878,0.03848445966982333,1.1717730765733123,0.0353325234964033,33.16414907903744,3.0774574630195513e-237,0.7904687431076839,0.09052269740454295,8.732271195754421,2.6124908994333505e-18,-0.058747612898084556,0.12152678236562162,-0.4834128885379221,0.6288058380585819,0.0737109976918809,0.02646715945326103,2.7849984363470837,0.005355878829269748,0.491927379223279,0.08303257761634386,5.924510515574427,3.163613458412766e-09,1.2109346999273982,0.03497724320560032,34.62064442327209,5.755210505059534e-258,-0.2301437587653915,0.042130339619387155,-5.462660895795059,4.724676503927862e-08,-0.05122274135057938,0.048256765161905135,-1.0614623914123371,0.28848766150118493,0.8079699372514935,0.037273942853435146,21.676535279042298,1.8339236115708038e-103,0.7198344261045876,0.05640187715133842,12.762596964159833,3.2549015200139285e-37,-0.38791833912680707,0.048023464558356786,-8.077683330310736,6.82590985997427e-16,-0.16062179013881683,0.039597908211056305,-4.056320078391638,4.996759350398657e-05,0.6629475492735376,0.061297655208529776,10.815218739089488,3.242735265651997e-27,0.8084075771477723,0.03599753273044805,22.45730514924961,7.510593526996534e-111
1.026,0.10374953281918253,0.10333806901090925,32689,-0.5489922700587486,0.019026868846258916,-28.853526793857736,8.526291375113896e-181,0.19910442596537348,0.16008112730077223,1.2437720131198313,0.21359240691179954,1.2170164591026635,0.035830000363337514,33.96640934304752,1.4904629675443236e-248,0.7740233657616528,0.09179724401018889,8.431880217185402,3.539310637911909e-17,-0.1274354686701386,0.12323786204398084,-1.0340610146633324,0.30111529369237855,0.056773875320051986,0.02683981326506128,2.115285779352175,0.0344131451752691,0.4975652827169109,0.08420166440886395,5.909209588789696,3.471561421579741e-09,1.2696556724290455,0.03546971777695918,35.7954827950112,2.747046267228867e-275,-0.2772460010185679,0.042723528763062686,-6.489304817402288,8.746613762122313e-11,-0.06440020991041423,0.048936213499173445,-1.3160031254053193,0.1881822264777748,0.8339259622318778,0.03779875462667007,22.062260264084887,4.417715703752218e-107,0.7431724312207092,0.05719600749805177,12.993431949704242,1.6610335603449062e-38,-0.409392723702055,0.048699628056564026,-8.406485635301985,4.393828177170353e-17,-0.20063026132186548,0.04015544108345333,-4.996340618072262,5.872963057237963e-07,0.7041664777036762,0.06216071740862022,11.328158796410948,1.081421716074474e-29,0.8034770478538715,0.036504372832087774,22.010432874704964,1.3643883307527844e-106
1.08,0.10678299635771105,0.10637292519636576,32689,-0.5312472229351335,0.019276844858187103,-27.558826501086173,2.708838330449806e-165,0.2630476657465774,0.16218428164061427,1.6219060385239261,0.10483311708808843,1.2273465165459982,0.036300736808234674,33.81051252567357,2.4646848973458164e-246,0.8036244847636064,0.09300328107015303,8.640818641198548,5.830613003244135e-18,-0.1589313200330955,0.12485696761102043,-1.2729070958076634,0.20306006815850572,0.05603360431830358,0.027192436155096936,2.0606320080593687,0.039346058274335315,0.5037363627844809,0.08530791034121984,5.904919728658281,3.563013610934719e-09,1.223007487630217,0.03593572081013013,34.03319761114842,1.659616065045075e-249,-0.3582918809279231,0.043284832749650545,-8.277538762831785,1.3047552529790646e-16,-0.17892538959535892,0.049579140067293186,-3.608884489575769,0.0003079757005212428,0.8590647438654887,0.03829535666948516,22.432608508645025,1.2978469067508417e-110,0.680595532716157,0.05794745167775917,11.745046814153117,8.676420706371532e-32,-0.5076914085376234,0.04933944635259224,-10.289767033653588,8.550629906680355e-25,-0.2565542454023465,0.04068300539791658,-6.306177306543948,2.8966481802689106e-10,0.7146738185405841,0.06297738821041939,11.348101895758576,8.618445250614545e-30,0.8367218773409248,0.03698396921824246,22.62390692582042,1.847527932103612e-112
1.134,0.11152599597681478,0.11111810230129227,32689,-0.5444198118578005,0.01952122937176742,-27.888602786726523,3.5352423121507837e-169,0.14695324327025255,0.16424039233044438,0.8947448382526337,0.3709300948959885,1.2843853256002322,0.036760943754586675,34.93885614511676,1.3223785258718724e-262,0.8694251445479106,0.09418234132471798,9.231296783654408,2.8299128871598017e-20,-0.27364074329972937,0.1264398567986031,-2.164196877694918,0.030456463406331614,0.050278196404036225,0.027537171527078977,1.8258300913220014,0.06788498163337081,0.4893216993905034,0.08638941161005628,5.664139739707907,1.4900371221956122e-08,1.2667853338969222,0.036391300222370505,34.81011467455627,1.0064965232607836e-260,-0.28373537362987866,0.043833581410271535,-6.473013714626359,9.742708738224806e-11,-0.17773917617277077,0.05020768556414247,-3.5400790571336205,0.0004005630165264944,0.9146289479948266,0.03878085064844833,23.584550949797748,5.817870151627136e-122,0.7235029926778819,0.05868208744910397,12.329196593515679,7.54035292154723e-35,-0.5144313653044623,0.04996495310361428,-10.295844053684306,8.029158082310228e-25,-0.303651102805953,0.041198769080111323,-7.3703926011842995,1.7415041185440891e-13,0.687991184230065,0.06377579160566306,10.78765416953247,4.3736400120792504e-27,0.8665821091464891,0.0374528379254485,23.137955817165537,1.6961254025039288e-117
1.188,0.11567831683226493,0.1152723294650958,32689,-0.5471457754575255,0.019780595985077642,-27.66073256186461,1.726423986707563e-166,0.030563475239339215,0.16642255378740148,0.18364983918215136,0.8542893016285565,1.308885066381002,0.037249363889514456,35.138454183091376,1.554781323766894e-265,0.743382054963835,0.09543368438502484,7.789514360198843,6.925045865036377e-15,-0.2307762738208847,0.12811978570168295,-1.8012539792895803,0.07167207417035294,0.05768117762291392,0.027903041052153594,2.0672003999528936,0.03872313100538792,0.48279945814565584,0.08753721478825001,5.515362344044573,3.506946735817704e-08,1.2925022834314972,0.03687480913017949,35.05109081022126,2.991469510661643e-264,-0.36213257525924647,0.04441597134807343,-8.153206251447976,3.6694154770842964e-16,-0.24577883320809663,0.050874764318196236,-4.831055956758302,1.3642571086643996e-06,0.9231701116851972,0.039296108048605956,23.492660152076997,4.899273948839387e-121,0.6642890269017658,0.05946176038843538,11.171701317994655,6.329762155215358e-29,-0.5575456485078303,0.050628806820195826,-11.01241928311503,3.7318237902050473e-28,-0.3654413820685764,0.04174615188092572,-8.75389384657393,2.158233947048073e-18,0.7219941973532391,0.06462314147102874,11.172378515162668,6.281861344226875e-29,0.8766212215755347,0.037950450834276325,23.099099017389864,4.111746261155814e-117
1.242,0.12165907810605736,0.12125583647448357,32689,-0.5591897356140879,0.019939401732932547,-28.044459061703563,4.981174344555943e-171,0.1394377290993463,0.16775865398044262,0.8311805429459515,0.40587771873294687,1.31906477934968,0.03754841519686922,35.129705806056585,2.0912268691153422e-265,0.7897079971107916,0.09619986037035641,8.209034754006119,2.310829185486168e-16,-0.24482571174952042,0.1291483774791357,-1.8956932834024394,0.058009429931668015,0.06689778501848666,0.028127056714020212,2.3784139840391045,0.0173930064760141,0.49365182877500496,0.08823999507202257,5.5944226693584955,2.2312677555623596e-08,1.3465015532469975,0.03717085337704357,36.224660746653356,9.510723197743397e-282,-0.35522155665625743,0.0447725587609074,-7.933912344684099,2.1908529388873775e-15,-0.3526376340118127,0.05128320524690172,-6.876279131034177,6.2539837731259465e-12,0.993090380207045,0.039611591355132904,25.070701434426454,2.0734251067416784e-137,0.6808574404446674,0.059939140813897694,11.359145813561637,7.599288340886153e-30,-0.5217304583932552,0.05103527311353442,-10.2229385004485,1.7040601846691096e-24,-0.3962517170014984,0.04208130502163574,-9.416336228112911,4.966793378135617e-21,0.7108466611350984,0.06514195932251217,10.912270194633823,1.1242473018935213e-27,0.9407957756995717,0.03825513072009546,24.592669218233013,2.4243535838361532e-132
1.296,0.11868907302945464,0.11828446788439417,32689,-0.5424265050497228,0.020302730365784918,-26.716924043075732,1.4114483577762024e-155,0.047150088085744196,0.17081549205493704,0.2760293432318186,0.7825272745596632,1.3109277557788086,0.03823260896265906,34.28821080609912,3.664582819420131e-253,0.6751023599665253,0.09795277975164468,6.892120485791421,5.596335350884198e-12,-0.22590841868135947,0.1315016729316816,-1.7179128876841325,0.08582198062180824,0.05261729562816468,0.028639577861793036,1.8372231560842731,0.06618603501861257,0.47371270391893294,0.08984787264035834,5.272386423828895,1.3551608582985165e-07,1.3395045249454345,0.03784816734665638,35.391529335535196,2.850018935549863e-269,-0.3927559160690219,0.04558838828186215,-8.615262150543808,7.286358570905717e-18,-0.372479228563469,0.05221766943495556,-7.133202852483567,1.0009696455071801e-12,0.9751812710616251,0.040333379577514566,24.17802032154227,5.065616761583413e-128,0.6683593572227939,0.06103133035789442,10.951086160230513,7.3407480187128045e-28,-0.561193016671049,0.05196521957110351,-10.79939662148784,3.8506322147465536e-27,-0.4181498613227939,0.04284809548139674,-9.75889025229467,1.8137693951586224e-22,0.714800529772569,0.0663289527608801,10.776599056967902,4.930179436520297e-27,0.9190825561647946,0.0389522020028895,23.595137345421872,4.5491723489650993e-122
1.35,0.12377651503425025,0.12337424550667431,32689,-0.5505202337254842,0.020395462595217122,-26.992289640666694,1.0072591686111469e-158,0.13453603068959957,0.17159568767958602,0.7840292055637988,0.433028657215054,1.3460776785982125,0.03840723547851389,35.04750242571473,3.377298686972539e-264,0.7533609978945435,0.09840017670179871,7.656093953749703,1.9694823867096427e-14,-0.31984437499908236,0.1321023036392425,-2.4211869603163296,0.015475329387449537,0.048374705936365926,0.02877038844033458,1.6814060761358063,0.09269362337754398,0.5307921661881121,0.09025825062349516,5.880816019825908,4.122148393785835e-09,1.3661471301012038,0.03802103793473715,35.93134759882636,2.519418511725863e-277,-0.4123476680170123,0.04579661214167967,-9.003890216624411,2.2935737225165157e-19,-0.38006524849306245,0.05245617237595003,-7.245386601392857,4.4073725755469685e-13,0.9903824916054704,0.040517601312294704,24.44326563095303,8.898101117930045e-131,0.6905588191999482,0.06131008948178244,11.263379731408474,2.254178168035623e-29,-0.6259375209440269,0.05220256945345645,-11.990550034172353,4.673012670143096e-33,-0.4127777385914172,0.04304380312018852,-9.589713470225755,9.435524815973218e-22,0.7165767332451904,0.06663190864684239,10.754257949342836,6.278119223231348e-27,0.9450665310576987,0.03913011524253479,24.151897463118196,9.428227042231548e-128
1.404,0.13120150852304058,0.13080264777036543,32689,-0.5589683386829577,0.020455698081373125,-27.32580117575904,1.415838539759521e-162,0.004259021886386975,0.1721024744034173,0.024747011343971746,0.980256908046194,1.3633902143141121,0.03852066651692039,35.3937337432943,2.6435605206050186e-269,0.7760572085798267,0.09869078950127792,7.863522143267257,3.84915288158456e-15,-0.35031596820886723,0.13249245151869798,-2.644044730045839,0.008196096165229613,0.045576294232898794,0.028855358238225166,1.5794742126099524,0.11423700720099156,0.511368610034374,0.09052481724734666,5.648932807421519,1.627873712076372e-08,1.4288059440764338,0.038133328386275714,37.468692205495095,7.099132126157882e-301,-0.4263830361748074,0.04593186679372659,-9.282945935762468,1.7470568842810384e-20,-0.43259249152564294,0.05261109521872436,-8.222457444141606,2.0667371534448748e-16,1.0479157491018545,0.04063726505620476,25.787063860043208,3.5241317958611914e-145,0.7124974257533283,0.061491161277970545,11.586989267164537,5.51558376555511e-31,-0.6563088114234925,0.0523567433112418,-12.535325345237293,5.7891158180261344e-36,-0.44190259277299454,0.04317092768992276,-10.236115284503054,1.4879380831577926e-24,0.7272706880469653,0.066828697780313,10.88261049822837,1.5555448126475109e-27,0.9476121990061199,0.03924568121726915,24.14564277174899,1.0939237976987748e-127
1.458,0.13112142397608528,0.13072252645702187,32689,-0.554739387308854,0.020738802008088565,-26.748863656275518,6.113340448116384e-156,-1.3543925481360751e-05,0.17448434795802445,-7.762258127943374e-05,0.9999380666147796,1.4177173654959683,0.03905378701504538,36.301661730008306,6.479891464765037e-283,0.8143980589532588,0.10005665586904076,8.139369159201006,4.1130804744640206e-16,-0.37760987551083025,0.1343261280393372,-2.8111424115511454,0.004939531623349212,0.04293952294217292,0.029254712256432003,1.4677814146926755,0.14217323341599095,0.44320437120423395,0.09177766773066788,4.829109108600015,1.3776521402881648e-06,1.4037206893410832,0.038661088180243074,36.308359526683596,5.128391989539112e-283,-0.4562388754386302,0.046567557240415156,-9.79735469230644,1.2417859861544698e-22,-0.4612911029547918,0.053339225228561736,-8.648252781665503,5.463926593428472e-18,1.0086571352566611,0.041199678974450045,24.482160064455336,3.4901042799430295e-131,0.6760585743721848,0.06234219012806576,10.844318638523909,2.3626072616042556e-27,-0.6281783251517661,0.0530813531271709,-11.834256064399737,3.021909575466346e-32,-0.4777267504427839,0.043768407135520104,-10.91487631623419,1.092578911804932e-27,0.7824647733291039,0.06775359736983685,11.54868233871001,8.603323216114815e-31,0.9911176634959475,0.03978883581483082,24.909441133397525,1.088354417231522e-135
1.512,0.1295628696980866,0.12916325665506856,32689,-0.5653533907296765,0.02089708848625932,-27.054170302308822,1.9580062579665282e-159,0.08736027282827522,0.1758160793147067,0.49688443269117816,0.6192738931325726,1.4196231779569513,0.039351860471912914,36.075122266968705,1.7272587549584608e-279,0.7421485917138511,0.10082032658005274,7.361100850279182,1.8669257173465133e-13,-0.43129275431433856,0.1353513564843249,-3.186467912231724,0.001441568913311407,0.068663208060114,0.02947799542250704,2.3293038443071428,0.019849037893250925,0.49519218726347347,0.09247815003404043,5.35469391506207,8.627917768311477e-08,1.4103531945644219,0.03895616440923223,36.20359488549088,1.981462715567035e-281,-0.47822646863072343,0.04692297866879493,-10.191732967471589,2.347892212624307e-24,-0.43577273975905606,0.053746330620015534,-8.10795331945454,5.326102180531661e-16,1.0262824491287281,0.041514130700450805,24.72128000304204,1.0723188683629745e-133,0.6797441914194213,0.06281800959502312,10.82084892217399,3.0502300460387636e-27,-0.6261149662362715,0.0534864903400032,-11.706039455125596,1.3726674536244639e-31,-0.44762414412780005,0.04410246437845646,-10.149640171728345,3.612242155717258e-24,0.7848389704138568,0.06827071876898459,11.495982239027038,1.5822104091722136e-30,1.0254935250776707,0.04009251944560118,25.57817615999646,6.828011754103289e-143
1.566,0.13178149845612275,0.13138290397373187,32689,-0.5677678378967397,0.020994766904157098,-27.04330276628687,2.611261744256781e-159,0.08951986384329079,0.17663788932329916,0.506798763199911,0.6122994442950863,1.4284460340218812,0.03953580128619228,36.13044348542798,2.526963984991366e-280,0.7608813932998111,0.10129158696633823,7.511792598852966,5.981100477928196e-14,-0.2989295625065743,0.13598402387099937,-2.19826972314154,0.02793687767789188,0.054006707109335264,0.029615783227615,1.8235785524988968,0.06822494287235462,0.4810516122659796,0.09291041692095045,5.177585336585729,2.2610621215669863e-07,1.4359778454555594,0.03913825563736488,36.68987853624847,7.851543791818119e-289,-0.47601026483677655,0.047142308855506486,-10.097304870997549,6.156720434207005e-24,-0.48989161127235403,0.0539975549255558,-9.072477669549063,1.2267357774813025e-19,1.0274240724437922,0.04170817852725155,24.633635625504176,8.99405907570986e-133,0.7229047240785937,0.06311163728372071,11.454380763863702,2.554480312798662e-30,-0.6691480338630835,0.05373650008460239,-12.452393304543119,1.6341664400426243e-35,-0.4566472652697423,0.04430861074897661,-10.306061452858561,7.222496180228393e-25,0.7457882420947393,0.0685898338362574,10.873160064436645,1.7247932058282262e-27,1.0106098510522488,0.040279922292249276,25.089667346421663,1.299238469766448e-137
1.6199999999999999,0.13262659580393954,0.1322283893012327,32689,-0.569943737140434,0.021019388045841615,-27.11514416582595,3.885005832037283e-160,0.010783727881203211,0.17684503744357777,0.06097840254433913,0.9513767822805923,1.4288801831643627,0.03958216600981708,36.099090252159904,7.513496438952529e-280,0.7862428457418993,0.10141037440158499,7.753080987832452,9.228464411317471e-15,-0.15403398275696395,0.13614349608299597,-1.1314090440505624,0.25789127072823564,0.06841906908566213,0.029650514472704496,2.3075170971703365,0.021032228376278914,0.5205765514810001,0.09301937552713176,5.596431372828977,2.205606270409333e-08,1.457638685049916,0.03918415414825245,37.199697600590525,1.0895263808488244e-296,-0.46296207583108584,0.047197593940164276,-9.809018578743984,1.1066970859412156e-22,-0.4451053674890202,0.05406087934618447,-8.23340968316001,1.8865532580049736e-16,1.080117443117931,0.041757090857529405,25.866683261129776,4.683414888214705e-146,0.7467172396736332,0.06318565003988029,11.81782951037672,3.671814659513376e-32,-0.6214080073084474,0.05379951835902539,-11.550438112875785,8.430055689201769e-31,-0.4614896744890856,0.04436057267777891,-10.403149613085471,2.6274158744503664e-25,0.8214194842698388,0.06867027102447242,11.961791791634328,6.600007049037986e-33,1.0362546283300578,0.04032715966708303,25.696196729071865,3.5010789583548016e-144
1.674,0.13394837837027196,0.13355077869089005,32689,-0.5647572049854062,0.021146530948775003,-26.706848813806122,1.8374176158683227e-155,-0.06189902040140673,0.17791474467677135,-0.34791394335451226,0.727907054705095,1.4268285750024534,0.03982159217578841,35.830525527554556,8.203732063412565e-276,0.6994180607312048,0.10202378947156034,6.855440915828472,7.235493648185744e-12,-0.31913530219553443,0.1369670062284741,-2.3300158993267774,0.01981136875959629,0.06281306110090074,0.029829865673381997,2.105710491246045,0.03523711798964056,0.510868890634087,0.09358203479236712,5.459048756180233,4.821711735785651e-08,1.50196568088678,0.0394211728043871,38.10048189940278,0.0,-0.4935508476831362,0.04748308460677818,-10.394245693395456,2.883840278357889e-25,-0.496382722453918,0.05438788492409259,-9.126714950336886,7.45468548353047e-20,1.0387722007676252,0.042009672794648636,24.726976709515057,9.336428009297328e-134,0.66228636205788,0.06356784989043172,10.418574219506013,2.2355734371236937e-25,-0.6024874384979866,0.05412494300629231,-11.131419361087257,9.937432887401705e-29,-0.5268086351540394,0.044628902658353974,-11.804203190629591,4.3149048320835323e-32,0.7502428733689352,0.0690856464666229,10.859605601742432,1.9998803824915692e-27,1.0109641281584727,0.04057109218005386,24.91833652571713,8.753166889652119e-136
1.728,0.1330549136895447,0.13265690382529416,32689,-0.5514375947460252,0.021246599677308388,-25.95415751796589,5.065501492356494e-147,-0.052686820908737074,0.17875666538377874,-0.29474045510762886,0.7681940291136533,1.402083963021978,0.040010034247296926,35.043308245023624,3.8917270186456595e-264,0.7497628951971781,0.10250658217724373,7.314290256022447,2.646826364214316e-13,-0.40334276868640684,0.1376151557617242,-2.930947296130527,0.003381641116520764,0.020805366484237094,0.029971025315003022,0.694182673617851,0.4875725925532637,0.5141500698743975,0.09402487977994092,5.468234270309433,4.5786588672097283e-08,1.4703973537420707,0.03960772002810837,37.12400897346718,1.6221836558830983e-295,-0.5390165723559184,0.04770778207204818,-11.298294511824022,1.518023881529962e-29,-0.5512691190982733,0.0546452569963799,-10.088142126128043,6.757289860768403e-24,1.0199525580468871,0.04220846920966571,24.16464224230427,6.963644391842432e-128,0.6973750618488036,0.06386866300864699,10.918892442673929,1.0455008104578745e-27,-0.6300696246790769,0.05438107079584331,-11.586193788726153,5.566820431917488e-31,-0.4696080944726779,0.044840093683287556,-10.472950787962034,1.262743402817827e-25,0.7932461725282428,0.06941257067081358,11.42799013006134,3.458543477213525e-30,1.0250027409951539,0.04076308100410747,25.14536967634684,3.285747792291352e-138
1.782,0.13627833345928542,0.13588180344985523,32689,-0.5421113165475582,0.021288627412982094,-25.464831810479776,1.1692727629346655e-141,0.026087192610430836,0.1791102625709412,0.14564878771309006,0.8841995500687203,1.4099343031046787,0.04008917778881323,35.169948122461044,5.3455485910502384e-266,0.7616060563983792,0.102709349660323,7.415158005742787,1.244233545152902e-13,-0.28736660001991954,0.1378873712446199,-2.0840675794022876,0.03716177020514698,0.021569022219973946,0.0300303107700377,0.7182417253401893,0.4726133903974227,0.5526289613750813,0.0942108696726372,5.865872624839892,4.510741081022217e-09,1.4906766601140184,0.03968606775495698,37.561712319755486,2.4958412061223516e-302,-0.5267068013674765,0.04780215246942731,-11.018474569829065,3.490005136641251e-28,-0.5611532222711815,0.0547533503596355,-10.248746763172816,1.3063297829339369e-24,1.065666014567418,0.042291961458499776,25.19783849734976,8.975885429837596e-139,0.6822728731628631,0.06399500112051094,10.661346374196544,1.7064011649161786e-26,-0.6378635958416254,0.05448864157440426,-11.706358929330666,1.3675282207599437e-31,-0.5247798771526931,0.04492879152828524,-11.680258010552416,1.8573121419865952e-31,0.7128951934000249,0.0695498751438536,10.250129017852396,1.2878415606337871e-24,1.0452964389672685,0.040843714141630946,25.592590217005384,4.753767273897876e-143
1.836,0.13752153583141669,0.13712557656956348,32689,-0.52082462445346,0.021419983886469315,-24.314893382457544,1.9338380120528427e-129,0.022115371617013563,0.18021542036248306,0.12271631124867662,0.9023325017540249,1.4174013422309,0.04033653864102719,35.13938949608407,1.5062757557430568e-265,0.7188370190799477,0.10334309356986779,6.955830276107994,3.5708168580742066e-12,-0.6037487407160624,0.13873817287094134,-4.35171321794535,1.354874227058949e-05,0.024221502506314916,0.030215605746738358,0.8016222712638988,0.42277732043555183,0.47936897981483795,0.09479217570821633,5.05705219057745,4.280866700164138e-07,1.5042752376787307,0.039930941311421546,37.671920277232715,4.680525905767293e-304,-0.4769640803458582,0.04809710441967156,-9.916690123049932,3.7980882766108045e-23,-0.5866226525211481,0.05509119304321153,-10.648211086316875,1.964157270154839e-26,1.0571135954483042,0.04255291406978265,24.84233144913978,5.616386769501932e-135,0.6933193407457445,0.0643898672386936,10.767522445350071,5.439183051655445e-27,-0.6843905480227322,0.054824850934616844,-12.483217671470268,1.1120560745137069e-35,-0.5936073833613471,0.04520601407996553,-13.13115954685381,2.7455014300569246e-39,0.7565550302844711,0.06997901630702705,10.811169836471402,3.388575413559225e-27,1.0196502911691707,0.041095730683124505,24.811586853908366,1.1894329818405507e-134
1.89,0.13597320274264935,0.135576532649335,32689,-0.521938482141833,0.021416619344916878,-24.370722275815787,5.078539776424866e-130,-0.008750163322956559,0.18018711304566093,-0.04856153792052373,0.9612690188935145,1.4298087602293612,0.04033020278377078,35.45255569120839,3.548481641261032e-270,0.6941420748135796,0.10332686096510411,6.7179247325437235,1.873514124919118e-11,-0.5205037599710413,0.1387163805880896,-3.752287637295321,0.00017553113113403672,0.051558600698064325,0.03021085963387451,1.7066247476206617,0.08790132475937738,0.5307930829677963,0.09477728623791108,5.600424996716968,2.15543542230153e-08,1.5046225625610705,0.03992466916331993,37.686538025051824,2.7598880868623243e-304,-0.47971235535302836,0.048089549572421,-9.975397141755302,2.1097865958744085e-23,-0.5156514208633808,0.055082539600279465,-9.361431491818227,8.352726176452915e-21,1.079249288769017,0.04254623007560582,25.366508074890806,1.3608296383165067e-140,0.6567456058990087,0.06437975320756133,10.201120277389858,2.132305470417575e-24,-0.6680206356021265,0.05481623932734145,-12.186546246140033,4.347943706152407e-34,-0.5736572964330307,0.04519891335040391,-12.691838230396403,8.018462803472035e-37,0.7590799357577411,0.06996802436093542,10.848954828879675,2.2462006991402732e-27,1.0349919849647056,0.04108927557586373,25.18885939115146,1.1209853394480316e-138
1.944,0.13477307414074235,0.13437585307478916,32689,-0.48375465491093017,0.02155275417436698,-22.445143251634494,9.83302777799649e-111,-0.14449691178128307,0.18133247317503165,-0.7968617493117576,0.42553711825185625,1.4013706474133378,0.04058656188458096,34.52794674746091,1.2704299759195275e-256,0.6671514519011266,0.10398365858421284,6.415925934754673,1.4188291797489036e-10,-0.5498341774224713,0.13959813183506115,-3.9386929480697837,8.209672472019612e-05,0.014300122638728796,0.030402895088096404,0.47035397771469795,0.6381052785831594,0.44487624246122015,0.09537973844990336,4.664263602430448,3.109490793972824e-06,1.4775563425575458,0.04017845048799433,36.774846332091684,3.9109718312383e-290,-0.5490877422662208,0.0483952309931877,-11.345906011762036,8.836699698046498e-30,-0.5972770769108002,0.055432671991082885,-10.77482025414327,5.026063788362841e-27,1.0201019195831362,0.04281667536306255,23.824874559577932,2.1290826578160296e-124,0.682720419662703,0.06478898337511488,10.537600439103857,6.378730772103503e-26,-0.7207139787347174,0.05516467897935846,-13.064772460733334,6.553126496169882e-39,-0.5946168447030447,0.045486220430069016,-13.072461046026339,5.926341141737333e-39,0.7710788152358974,0.0704127763971898,10.950836690295192,7.360920734203295e-28,0.9772154491824165,0.04135045972601655,23.632517163227085,1.9069887990918812e-122
1.998,0.12883032449038656,0.1284303751397715,32689,-0.4635635193971634,0.021641285388338673,-21.420332068027385,4.2903817740739566e-101,-0.22967228560508152,0.18207732387266395,-1.26139972139366,0.20717387441319854,1.3649444911172606,0.040753277357021715,33.49287663810634,7.627359387997527e-242,0.6619596876956322,0.10441078726824092,6.339954951158417,2.3283046692954957e-10,-0.5059050670018186,0.1401715523816675,-3.609185019399014,0.00030761930687232944,0.025501592564918796,0.030527779601167333,0.83535694040269,0.40352287478393434,0.38347701445588334,0.09577152522411134,4.0040817305407135,6.239635967556821e-05,1.4421615619423702,0.040343489580837236,35.747070392923646,1.4560813384956487e-274,-0.5351045298038958,0.04859402176097565,-11.011735814663968,3.7601411427530177e-28,-0.5965203493619025,0.0556603701175201,-10.717146653937483,9.369623422153342e-27,1.01287595092712,0.04299255136561224,23.559335716402092,1.0448050861374953e-121,0.5949471284057637,0.06505511397280028,9.145278396630166,6.282064050659738e-20,-0.7305731343062026,0.05539127628376282,-13.189317584299099,1.2767010697008776e-39,-0.6092544706457724,0.045673061994774805,-13.339470664687946,1.7414336795040435e-40,0.653937621980095,0.07070200757957736,9.249208676911577,2.3947442520076728e-20,0.9464709497305666,0.04152031302495993,22.795371247841885,3.967875406332844e-114
2.052,0.12906067093764417,0.12866082733785422,32689,-0.45662201200544683,0.02171182730439122,-21.031026343558608,1.514254830232038e-97,0.008255410257995144,0.1826708229678064,0.045192823483639004,0.9639538906239853,1.3501869070880375,0.04088611670637637,33.02311434427496,2.8264630454575573e-235,0.6403427095644469,0.10475112458454588,6.112991264810897,9.888616755796114e-10,-0.4889668964924716,0.1406284554585241,-3.4770124929423254,0.0005076930254624741,0.022104620285490706,0.03062728792644715,0.721729600693864,0.47046590415796374,0.4637119354365965,0.09608370200896275,4.826124782258505,1.3984312623699132e-06,1.4394660745407997,0.040474993186293676,35.564331485255344,7.745808876777044e-272,-0.5162510675008962,0.04875241879434067,-10.589240088346637,3.6860170854117225e-26,-0.6196729020610744,0.055841800614176255,-11.09693626003459,1.4602009962896958e-28,1.0272308020461831,0.04313268985068356,23.81559799776558,2.6465863681271838e-124,0.6399717109994849,0.06526716756880023,9.805415721846211,1.1467929320782784e-22,-0.7756305372094681,0.05557182964237978,-13.957261119543245,3.805703056369615e-44,-0.6221463272413849,0.045821937870088314,-13.577477430248756,7.077599905598952e-42,0.7446426355840046,0.07093246778533356,10.497909615065888,9.705711137404047e-26,0.9330678432143593,0.04165565260314693,22.399549278550243,2.6965884708410966e-110
2.106,0.12778390902697734,0.1273834792726053,32689,-0.4494182080023252,0.02170430599281188,-20.70640766634811,1.2308557781907224e-94,-0.09301821770034412,0.1826075429795892,-0.5093886932739747,0.6104832402993355,1.3258967687053071,0.04087195312545309,32.44025957447094,3.0271465181788105e-227,0.6790322569650901,0.10471483718066958,6.484584947532533,9.024475404883716e-11,-0.24750017686772058,0.1405797395943273,-1.760567899627179,0.07832092016435255,0.041146512002489546,0.030616678161912114,1.3439247649562716,0.1789820488434254,0.4194201011886236,0.09605041713384034,4.366666108322961,1.2654490273013803e-05,1.4554255662027842,0.040460972024893585,35.9710974147466,6.365397953608114e-278,-0.520326451302249,0.04873553020514649,-10.676532072432492,1.449964842945252e-26,-0.579252091235652,0.055822456153865184,-10.376685856298428,3.464419694717362e-25,1.0150916134681331,0.04311774802220114,23.542315172524013,1.5506826505975516e-121,0.6843885033568193,0.06524455801612168,10.489587548247465,1.0596538825504751e-25,-0.7439776249143598,0.055552578704173856,-13.392314853216027,8.592896666232549e-41,-0.6162625332785597,0.04580606444464795,-13.45373239875806,3.768010191985593e-41,0.7290431720685657,0.07090789568535204,10.28155137057846,9.309333189851592e-25,0.9848708346132868,0.041641222443129684,23.65134299211187,1.2301700424772312e-122
2.16,0.12460283987201848,0.12420094970576745,32689,-0.4238956772457225,0.02174029060331724,-19.49816058029337,3.4297483029794e-84,-0.23307195186430482,0.1829102967885171,-1.274241833054293,0.20258678676458428,1.3096828322854468,0.04093971669800407,31.99052015788125,3.8500121483981793e-221,0.5789671635737291,0.10488844893454581,5.5198372123419,3.418883849436129e-08,-0.5344453993195627,0.14081281349108868,-3.7954315809007326,0.00014765279983115507,0.010765589213651424,0.03066743902194556,0.35104298099191095,0.7255583669310881,0.3658470874664681,0.09620966372991133,3.8026022884094877,0.00014344433873446255,1.4026964552850156,0.04052805421215477,34.61050579784146,8.0762411274635195e-258,-0.5297428669957274,0.048816331179514665,-10.851755021238246,2.1786671202606874e-27,-0.6230788903283566,0.055915006882868656,-11.143321356171677,8.698974120866794e-29,0.9339653055298548,0.0431892350058882,21.62495597346243,5.527478509163738e-103,0.5766538468404052,0.06535273009997371,8.823714724056146,1.1610949508584155e-18,-0.8010742135133387,0.05564468199040194,-14.39624030291906,7.602952448826723e-47,-0.6658538950600449,0.045882008517145356,-14.51230921617623,1.4241862756436382e-47,0.7133751852955827,0.07102545728851212,10.04393653387947,1.0575253959248238e-23,0.9011293065184204,0.04171026142420004,21.604499126816563,8.555689306705787e-103
2.214,0.12126238940148426,0.12085896565224241,32689,-0.4003577426813335,0.021909365358047002,-18.273361009714858,3.1635156262620293e-74,-0.43526748001074855,0.1843327944970964,-2.361313304006818,0.018216173622606163,1.2809700798870207,0.04125810584402427,31.047719076821203,1.326613352796912e-208,0.632600381108489,0.1057041688851746,5.984630386675446,2.1913809120353793e-09,-0.4636212472930934,0.1419079180753936,-3.2670569308668047,0.0010878387931227678,0.00041043213916482026,0.03090594042127986,0.013280040457278007,0.989404453275599,0.4080678322547865,0.0969578885625309,4.208712032663664,2.5751599098152284e-05,1.3543906764550118,0.040843241849276284,33.16070456535053,3.4373913380460345e-237,-0.5620582755909589,0.049195976942838726,-11.424882897315358,3.583993426185417e-30,-0.6201207273416283,0.05634985921520094,-11.00483188384514,4.058408810316098e-28,0.9511391933728114,0.043525118709046816,21.852650184159394,4.159501985466982e-105,0.5097534365904854,0.06586097982920627,7.739839855289149,1.0240290499551801e-14,-0.835244691820386,0.05607743199964549,-14.894488959937863,5.224557932972179e-50,-0.6667360007336018,0.04623883398365323,-14.419394766081524,5.449128659819832e-47,0.618036882484075,0.07157782395139344,8.634474315728948,6.162679515292642e-18,0.9056130173832857,0.042034643114798736,21.54444406510151,3.0777587908670003e-102
2.268,0.11451734820874593,0.11411082784707516,32689,-0.3813801469147643,0.022037215650337262,-17.306185725369872,8.396026037030508e-67,-0.26905413883134327,0.18540845329733996,-1.4511427825777745,0.14674970620612374,1.2491774813434189,0.041498864113618035,30.101486101483335,2.242154652567598e-196,0.507801732334091,0.10632099683374432,4.776118993016477,1.794849102606482e-06,-0.48704293377883834,0.14273601001268824,-3.4121938376695806,0.0006452034073958215,0.013071938694329419,0.031086289484422155,0.4205049528629005,0.6741193774694932,0.383676993729989,0.09752367831453816,3.9341932170824716,8.364911153206772e-05,1.3259678481384363,0.04108157921428781,32.27645756318142,5.171298357176057e-225,-0.5220980365626956,0.04948305600372704,-10.551046736551022,5.531278258446141e-26,-0.624719886447472,0.05667868416532814,-11.022131082387226,3.3515778729041934e-28,0.9349515105532628,0.04377910594500644,21.35611247355557,1.6674844561866873e-100,0.45443375269291897,0.06624530613825631,6.859863425561043,7.01531111674356e-12,-0.8333340036097605,0.05640466722325312,-14.774202998332985,3.0993525660061116e-49,-0.6464410261923832,0.04650865688100153,-13.899369914000891,8.517802645629148e-44,0.5723883242964882,0.0719955104322264,7.950333581360061,1.9196061123831854e-15,0.8834235533562984,0.04227993280351033,20.894630023701254,2.5600735649638815e-96
2.322,0.11248904368034351,0.11208159213488411,32689,-0.3790153112094081,0.022171615305823667,-17.094618771860738,3.130135093381329e-65,-0.2801272559977737,0.18653921467131818,-1.5017070619245263,0.13318244307426147,1.2083932280508436,0.04175195566240733,28.942194656018422,6.988747872120963e-182,0.368863550249846,0.10696942291316185,3.4483083128277765,0.0005648204210402906,-0.3783894898224699,0.1436065224619738,-2.6349046222650876,0.00842006359950899,0.017412003442620852,0.03127587725555209,0.5567231032514005,0.5777204425224011,0.3609764792310466,0.09811845167316982,3.6789867051046676,0.00023453830092131435,1.3307153180720106,0.041332125843265115,32.19566598432886,6.469413554285351e-224,-0.5505793749977472,0.0497848412103901,-11.059177083060401,2.2225371522021347e-28,-0.672154680784467,0.05702435377015076,-11.787151214264256,5.279235893889404e-32,0.9126205865805409,0.04404610413796652,20.719666459533414,9.380147245941392e-95,0.4746119661783187,0.06664932025981513,7.121032357541934,1.0933196655885161e-12,-0.823186521559863,0.05674866566493079,-14.505830435209177,1.5643015910936704e-47,-0.6696534396487557,0.04679230194583741,-14.311188204074394,2.572677586038549e-46,0.5955443844208491,0.07243459366089695,8.221822672311717,2.077685279493106e-16,0.8649507102230531,0.04253778790158363,20.33370217144865,2.3831481741023e-91
2.376,0.11050613729122516,0.11009777540402066,32689,-0.349898836370921,0.022333728034532103,-15.666835193386085,4.048552318678302e-55,-0.517537804434328,0.18790313789857863,-2.7542797327507684,0.005885399716215849,1.187409661661721,0.042057234432942764,28.233184556035425,2.7716478076477456e-173,0.5131317200173495,0.10775155379526608,4.762174668889956,1.9233823826935962e-06,-0.6261133475348973,0.1446565336991129,-4.328275616207005,1.5072767951693474e-05,0.006527182702569181,0.03150455783361154,0.20718217145093426,0.8358688815022466,0.3023991919137681,0.09883586669764963,3.0596098563980045,0.0022180500585714667,1.3009047598902699,0.04163433493409361,31.245959901835306,3.2795022496101333e-211,-0.5860951630214112,0.050148854221873866,-11.687109747878724,1.7140074979786776e-31,-0.7160375781294044,0.05744130009837278,-12.465553128204501,1.38667966106594e-35,0.8782641249934395,0.04436815708865552,19.79492010990023,1.062456795939606e-86,0.47405732195394845,0.0671366416851983,7.061081848222154,1.6850787999712983e-12,-0.8481565719619821,0.057163596237855184,-14.837355026315006,1.2192194309681445e-49,-0.6842463282636375,0.047134434336570184,-14.516909726287974,1.3323466986214773e-47,0.48124088498768947,0.07296421540785963,6.595574039926573,4.3006973132176676e-11,0.8340527171528795,0.04284881246045441,19.465013596879377,6.504542393263712e-84
2.43,0.1042672621840669,0.10385603606258309,32689,-0.3402024723353253,0.022373060482929977,-15.205897851788777,4.872838355862039e-52,-0.3193949956830131,0.1882340584893446,-1.6967970528090863,0.08974456104833914,1.1636664704329982,0.04213130240764601,27.619997577426314,5.194977609195659e-166,0.42461631602813654,0.10794131756524168,3.9337699928620085,8.379654074601156e-05,-0.6046802575186063,0.14491129168838984,-4.172761490656513,3.0170736063936e-05,0.011037087536248172,0.0315600412438766,0.3497171455182945,0.7265532390046527,0.2628028226670208,0.09900992884350962,2.654307762228518,0.007950979802624606,1.2609222575157255,0.04170765813064382,30.232391700489405,4.789309767807888e-198,-0.5464400869371431,0.05023717253657011,-10.87720624681579,1.6502028531751724e-27,-0.6515026493060232,0.05754246130927911,-11.322119952504776,1.1582648196344484e-29,0.8364295464841199,0.04444629488304882,18.818881274243676,1.3788068840738993e-78,0.4145712995985189,0.06725487758789249,6.164181907204182,7.167605471689703e-10,-0.8222325488534936,0.05726426837802747,-14.35856201681584,1.3058329690018313e-46,-0.7048925180073721,0.047217443886227076,-14.928646279664097,3.1431291403786575e-50,0.4967404812288248,0.07309271438630978,6.796032756472155,1.0938383294308689e-11,0.8230543453361949,0.0429242745016508,19.174566253986228,1.694738200371365e-81
2.484,0.10621489067080314,0.1058045586951677,32689,-0.3155255033751385,0.022484503424541034,-14.033020761790704,1.3194630525768491e-44,-0.4995407010122606,0.1891716752809966,-2.640673876098207,0.008278066711499686,1.145005083056613,0.04234116356087515,27.04236224898272,2.677128804690534e-159,0.4970642713446052,0.10847898642641612,4.582124960042614,4.6197498910426064e-06,-0.5585064956501802,0.14563311249742641,-3.835024096323217,0.0001257875825286747,-0.00712622886965075,0.031717245656579435,-0.22467994058533525,0.8222296757612239,0.31734615631441576,0.09950310936869708,3.1893089404726727,0.0014274792183469444,1.284433966199258,0.041915409060085666,30.64347921209654,2.456135871413075e-203,-0.5741737730074747,0.050487410017042184,-11.37261295070713,6.517096939063033e-30,-0.6732296596995129,0.05782908732366544,-11.64171338087168,2.9153232408388714e-31,0.8310440829698148,0.04466768729600272,18.60503942061456,7.307118781767028e-77,0.4315947551734818,0.06758988233173631,6.385493512996246,1.7313783208249369e-10,-0.9248854989166451,0.057549508679510655,-16.07112762799193,6.782859511165098e-58,-0.7163473292565211,0.04745263973017748,-15.096048045583446,2.562412436342565e-51,0.43362022530180716,0.07345679810689695,5.90306461045018,3.603283957989285e-09,0.7815521386091058,0.04313808554554595,18.117450710322537,5.290559798432597e-73
2.538,0.10084974106156008,0.10043694597436037,32689,-0.3122733786291291,0.022707117843015493,-13.752224337232724,6.505300686815488e-43,-0.3689711470369048,0.19104462491610194,-1.9313348763355163,0.05345029172016055,1.1248537345865222,0.0427603746648815,26.305984065905506,6.138507784604828e-151,0.3656885043966224,0.10955301443691058,3.3380049492587465,0.0008447645925574144,-0.5011762669283246,0.14707499582645092,-3.407623873195377,0.0006561015031892232,0.014172210243712027,0.03203127154650612,0.4424491929124772,0.6581671169678673,0.3313184930072641,0.10048826907670898,3.297086277347936,0.000977976890346268,1.271713236781852,0.04233040485682831,30.04254840186609,1.260357882882338e-195,-0.5343824526841736,0.050987275422517776,-10.480702258669258,1.1637217439056661e-25,-0.6702244472658538,0.058401641157850445,-11.476123512596892,1.9891365259115983e-30,0.8598881139857409,0.045109932830371326,19.06205706887688,1.4303512084663132e-80,0.41771315703371104,0.0682590757787045,6.119525532222769,9.491989975228347e-10,-0.868518652492813,0.05811929446335844,-14.943723259413867,2.510695328395289e-50,-0.694766133312186,0.047922458502651755,-14.497714746286265,1.75932375029465e-47,0.4807440777719855,0.0741840786736412,6.480421222010831,9.276748324425644e-11,0.7922616867504673,0.04356518680931421,18.18566026626293,1.547247252021492e-73
2.592,0.09757709956379934,0.09716280202434646,32689,-0.30696987872346043,0.022841919732532197,-13.438882647252457,4.60070214174491e-41,-0.40947860302002836,0.1921787704557844,-2.130717154911964,0.033119896460221274,1.1420072632101168,0.04301422367122033,26.549526313413473,1.1153711971783205e-153,0.4359108285548427,0.11020338113912456,3.9555122905397413,7.653189568220728e-05,-0.48653765814969663,0.1479481135631506,-3.2885695290871113,0.0010080429295202266,0.024979976011288884,0.032221426719784514,0.7752597744515995,0.4381917843813239,0.3571458811482682,0.10108482248517996,3.5331306161281466,0.00041123599505820774,1.2078405862910317,0.04258170132686723,28.365249594405853,7.186080991650551e-175,-0.532603213167616,0.05128996381810287,-10.384160438413742,3.2043393722884224e-25,-0.6910811975754372,0.058748345289717015,-11.76341553395888,6.987157029701073e-32,0.8048237974424264,0.04537773010096927,17.736096443158917,4.706578618175917e-70,0.386195445789829,0.06866429904196701,5.624399450343034,1.8767400742596687e-08,-0.9070827047993493,0.058464322430588904,-15.51514953202909,4.275145466088048e-54,-0.7167898645294457,0.048206952466223196,-14.86901427821378,7.626361303431109e-50,0.437165069871092,0.07462447599955452,5.85819952522952,4.723900242166467e-09,0.7691069454071491,0.04382381362138451,17.549977554483103,1.2298434734675658e-68
2.646,0.0982559390957688,0.09784195320792366,32689,-0.2979788498462474,0.022992154661026998,-12.960022852983778,2.56328441514426e-38,-0.2458270177121988,0.19344276070597877,-1.270799779816216,0.2038089349866871,1.123217503775214,0.04329713504176951,25.942074520441736,6.890257491178432e-147,0.42115619830669154,0.11092820625361532,3.7966556255656156,0.00014692627879822831,-0.48453169609135366,0.148921191768589,-3.2536114594373857,0.0011406373220246959,0.041017471488804386,0.03243335215319513,1.2646695073350167,0.2059988456537613,0.34694600510027174,0.1017496733933259,3.4097996930084404,0.0006508916020531066,1.267923720465269,0.04286176792936551,29.581694403151005,8.237288409142488e-190,-0.6148499355099437,0.05162730604401653,-11.90939412925659,1.2355042919236878e-32,-0.7190815874891556,0.05913474247336608,-12.160052744171931,6.006836883203455e-34,0.8117278505678219,0.04567618662812649,17.771357691843217,2.526839658094813e-70,0.32108372083622283,0.06911591502597834,4.645583013919996,3.404380255960893e-06,-0.8818880885508646,0.05884885155085137,-14.985646538723428,1.3427286912921506e-50,-0.717138858406801,0.0485240172375524,-14.779049617759435,2.8855891909466185e-49,0.4248774859314306,0.07511529301261789,5.65633799578016,1.559272667065054e-08,0.7192245029476575,0.044112049793425735,16.304490639536038,1.5765082653558442e-59
2.7,0.09803972018295981,0.0976256350301653,32689,-0.28285621815595097,0.023216927435845625,-12.183189138078493,4.529876036448355e-34,-0.35293008153289895,0.19533386950954648,-1.8068043315736921,0.07080198890811083,1.1546325578021173,0.04372041060373899,26.40946280827867,4.231924398063786e-152,0.32617357363768273,0.11201264749424172,2.911935222801072,0.0035944003308601372,-0.5158276184766948,0.15037705486609426,-3.4302282282095633,0.0006038188324468012,0.05379343464369834,0.03275042267866878,1.64252642390278,0.10049057778995114,0.2491603589684833,0.10274438470954167,2.4250508645592603,0.015311625584470245,1.245051813673443,0.04328078731459285,28.766847622793883,9.765647715034078e-180,-0.6173639511509122,0.052132017890601054,-11.842318332017175,2.746107365102777e-32,-0.7296703412034915,0.059712847498749104,-12.219654090667456,2.9004104305311176e-34,0.8129931529127808,0.046122719950596705,17.62673913818612,3.214684497850378e-69,0.35251290371842936,0.06979159663275054,5.050936226224812,4.4201357140455814e-07,-0.9255326606492278,0.059424161688286896,-15.575022589366366,1.69067425748771e-54,-0.7246855875469529,0.04899839113424157,-14.789987401045918,2.4555864566169534e-49,0.4629778505804387,0.07584962492237925,6.10389110103349,1.0468030465378017e-09,0.7273047163575985,0.04454329201413907,16.32804140580214,1.0753395330608884e-59
2.754,0.09064841381860878,0.09023093535649263,32689,-0.2663181937551678,0.023280180121868086,-11.439696443972249,3.0238418282926745e-30,-0.4362028654317055,0.19586604121709825,-2.227046928202411,0.025950924465518457,1.0814157402076283,0.04383952341107893,24.667598004369218,3.948392092467521e-133,0.21658039854841651,0.11231781710990581,1.9282817643837145,0.053828743158700176,-0.6689833908405192,0.15078674528110336,-4.43661934338705,9.16809915799055e-06,0.035643293413660154,0.032839648619892955,1.0853737756520592,0.277764150383008,0.2955582396934614,0.10302430367489837,2.8688205515673237,0.004122694262958775,1.1846995984658075,0.04339870240298599,27.298041942938273,2.974119888474125e-162,-0.5467379193011532,0.052274047457970096,-10.459069957051765,1.4613736172585485e-25,-0.7043989499855919,0.059875530437944316,-11.764387636041723,6.907481784131487e-32,0.8061238998731907,0.04624837766011053,17.43031735723947,9.846167068108416e-68,0.2854390209136919,0.06998173832833089,4.078764370992151,4.5382963674317354e-05,-0.9406253668777238,0.05958605812578077,-15.78599753808431,6.256159602035038e-56,-0.703645259397357,0.04913188338288576,-14.321560887740356,2.2181213831004606e-46,0.37269870085107126,0.07605627123780552,4.900302036708484,9.614710966077212e-07,0.7007032731153429,0.04466464669692225,15.688096177499304,2.9043060460553817e-55
2.808,0.0926375141242185,0.09222094884744148,32689,-0.2718476021400759,0.023470669301581825,-11.582439283985588,5.815097971334339e-31,-0.383165614715485,0.1974687075766328,-1.9403865018298545,0.052341327404792894,1.089579696788608,0.044198238627623725,24.652106749512523,5.7485927206993656e-133,0.26035536249749935,0.11323685333456139,2.2992105028587493,0.021499266139486592,-0.5706109620795478,0.15202055203302453,-3.753511972220636,0.00017467597542477302,0.049179384452936514,0.03310835778343653,1.4854069408885031,0.13744570608772758,0.2901007747142329,0.10386729608281262,2.7929943847092904,0.005225296662421781,1.2223528142741995,0.0437538106185629,27.937059583916714,9.41789631849066e-170,-0.5638146539154342,0.05270177784357962,-10.698209377088798,1.1487631028299145e-26,-0.7298975935994425,0.06036545966608355,-12.091311780560115,1.38497089880843e-33,0.8235454622720979,0.04662680323402996,17.662490352138146,1.7175051235493682e-69,0.313462024451047,0.07055436121437907,4.442844057486315,8.906887614217089e-06,-0.9555168126621958,0.06007361875784363,-15.905764167693608,9.443964989126512e-57,-0.7313580814869246,0.04953390313163356,-14.764798153365415,3.560153677451016e-49,0.3922840534871038,0.07667859875607787,5.115952297654758,3.139254000305437e-07,0.7025027299934978,0.045030113453062535,15.600731957421264,1.1339503588701349e-54
2.862,0.09140481413183077,0.09098768292906323,32689,-0.2804854552799963,0.02362974557469054,-11.870015882880264,1.975675504150201e-32,-0.48030970378736026,0.1988070838135119,-2.4159587001331797,0.015699288916754973,1.1067064251653358,0.0444977993682447,24.8710372395432,2.785063526762313e-135,0.3728881733973086,0.1140043344990549,3.2708245264165803,0.0010734547092243704,-0.4483072418208118,0.1530508960143831,-2.929138302977865,0.0034013798885122277,0.0667040767375115,0.03333275505550682,2.0011570188672865,0.04538372697851744,0.2850076116213105,0.10457127355130429,2.7254866651450063,0.006424095978861802,1.2315451658349101,0.044050359176172046,27.957664565447722,5.362783851095206e-170,-0.5344063987203769,0.05305897270231315,-10.071932634630127,7.965187886517634e-24,-0.7429605895111088,0.06077459637304263,-12.224854361034616,2.721449050864679e-34,0.7954441456508667,0.04694282396569878,16.94495725762258,3.9431099013172645e-64,0.26419912713718186,0.07103255485638112,3.7194090466175576,0.00020002336463250674,-0.9716639342127382,0.060480777465648665,-16.065665405254013,7.40247551535358e-58,-0.7034267880864393,0.04986962720500616,-14.105314747887787,4.776756461501253e-45,0.41674573655451974,0.07719830041266816,5.39837968357827,6.771336088439304e-08,0.7307537143141665,0.04533531236041934,16.118863558380635,3.1557076047555773e-58
2.916,0.08902578409282502,0.08860756069005793,32689,-0.23686372366954833,0.02376540110849081,-9.966746304354299,2.3012019378814547e-23,-0.4393120606208341,0.19994841142504927,-2.1971270363681303,0.02801836963067615,1.0469982923466912,0.04475325589472978,23.394907731617966,4.6849817452978305e-120,0.20742486843493274,0.11465881970301657,1.8090616053103814,0.07045062043755852,-0.5849529077083682,0.15392954284245894,-3.800134119199232,0.00014487998117011246,0.04090121970302374,0.033524114402385764,1.220053696634354,0.22245332591125583,0.23932135657795275,0.10517160468432209,2.2755320439988336,0.02288047798924208,1.1616528102777282,0.04430324700220677,26.220489216509694,5.551813796536488e-150,-0.5838497420747792,0.053363577897577535,-10.940978192942406,8.203688606790113e-28,-0.7700862995372255,0.06112349603793414,-12.59885885878155,2.6023626522935396e-36,0.8115325719301918,0.04721231708499752,17.18900113436859,6.263739619969851e-66,0.22056783906250935,0.0714403442299815,3.0874408772787416,0.002020569721427112,-0.9959211852720293,0.06082799035145078,-16.372745170731687,5.194173805229649e-60,-0.7595715616044989,0.050155922750488524,-15.144204711039846,1.2395374089769546e-51,0.33216437241167396,0.07764148659162436,4.278181510856163,1.88961673378576e-05,0.695791448161608,0.04559557694849184,15.260064566078983,2.1401457781858912e-52
2.9699999999999998,0.08731083935395523,0.08689182862920719,32689,-0.24569837442428033,0.023950628906376416,-10.25853539732594,1.180856559675312e-24,-0.4757284335104066,0.20150681154503527,-2.3608553470862934,0.018238679331836056,1.0948789179714944,0.045102063263885876,24.275583836719633,4.948963260440709e-129,0.2643230795801402,0.11555247180612226,2.2874723097540497,0.02217463051770534,-0.7512206144073679,0.15512927139406588,-4.842545882260259,1.2877172593113418e-06,0.06075941653806742,0.0337854017191229,1.7983926029115984,0.07212404090241417,0.17349419281235112,0.10599131332912222,1.6368718092361045,0.1016668882141655,1.1809110464139243,0.04464854699710016,26.44903643763866,1.5176843589242605e-152,-0.5848044487771494,0.05377949421121947,-10.874115819690019,1.706877958407762e-27,-0.7588019977370639,0.06159989323899511,-12.318235598121344,8.633052564352861e-35,0.7749841950896166,0.04758029040414368,16.287924863571757,2.0626592730820213e-59,0.24118587531742347,0.071997151059435,3.349936376209109,0.0008092157349261781,-0.9431182556425801,0.06130208437793792,-15.384766524872035,3.184652938785683e-53,-0.7072899267069468,0.05054683856459926,-13.992762886704075,2.318246847801405e-44,0.26844775549579203,0.0782466251929162,3.4307902076790793,0.0006025698251181998,0.7158157545293907,0.045950949377214514,15.577822966250595,1.6187465019298325e-54
3.024,0.08854693985136619,0.08812849661376232,32689,-0.24000453111009964,0.023962046155623282,-10.016028245308119,1.401738503351151e-23,-0.2880659743439804,0.2016028697112464,-1.4288783426375535,0.1530487630343907,1.045314868113502,0.045123563388155874,23.165609930262697,9.023682461108052e-118,0.3880878315075846,0.11560755559439599,3.3569417631246665,0.0007889956749334451,-0.5433635212341756,0.1552032214170032,-3.5009809479034932,0.00046416694231549073,0.06451335680650903,0.0338015071981832,1.9085940880759473,0.05632322849327636,0.17889289932033398,0.1060418393193587,1.687002983620219,0.09161232414790213,1.1636926734897095,0.04466983093046027,26.050975552186156,4.2841629256052125e-148,-0.6130262272512306,0.0538051308611872,-11.393452955867494,5.136373421944924e-30,-0.8279902752544606,0.061629257868101056,-13.43501940306543,4.84582109152889e-41,0.8078923576329881,0.04760297189768215,16.971468911005644,2.521270929977844e-64,0.15618492705475592,0.07203147205459229,2.1682873138616987,0.0301440258230602,-0.9696048254591975,0.06133130704175318,-15.809296625606056,4.335486345427548e-56,-0.7513579234849976,0.05057093420971943,-14.85750530866387,9.045659776494274e-50,0.2590929595658128,0.0782839253083347,3.309657232252096,0.0009351133332824884,0.731662981177774,0.0459728541649435,15.915108915202007,8.143839097618009e-57
3.078,0.08743058045749563,0.08701162470524948,32689,-0.20973925353227224,0.02391803608938855,-8.769083412551792,1.8867048983211884e-18,-0.37383981705258973,0.20123259433528393,-1.8577498257052536,0.06321353875719656,1.0229295871265416,0.04504068686748804,22.711234181131644,2.621657456554625e-113,0.2716601119430622,0.11539522413714474,2.3541711884037766,0.018569945434820774,-0.6154197984432301,0.15491816629232624,-3.9725476564313973,7.126043751892985e-05,0.0384710507995126,0.033739425414308626,1.1402402479325369,0.254194582064613,0.09314623466152677,0.10584707680443037,0.8800076249023819,0.37886165137736405,1.1394114232764032,0.044587787760808725,25.554338541951847,1.2421521594198357e-142,-0.6084086614311319,0.05370630927651991,-11.328439239765908,1.0779787660873027e-29,-0.8623616005415765,0.061516066043698525,-14.018477708392304,1.6176940485697982e-44,0.7325538635280318,0.04751554155335425,15.417142256612221,1.9372125188884868e-53,0.20173564477474312,0.07189917492789787,2.8058130705539837,0.005021947134880595,-1.0520727502820035,0.061218662450901455,-17.185490635731973,6.651042680358144e-66,-0.7747432473044741,0.05047805273583913,-15.348120724047083,5.583224124588516e-53,0.32173767074213766,0.07814014456792717,4.117444017043651,3.840383073876536e-05,0.6428296504989386,0.045888417788197584,14.008538134088232,1.8592177485836786e-44
3.132,0.08625830211110919,0.08583880817212797,32689,-0.22077005370337793,0.02406525770491984,-9.173808001991363,4.825976722452236e-20,-0.46835402649534874,0.2024712323039229,-2.313188007826801,0.020718482406661503,1.040274937573813,0.04531792378863361,22.9550440665759,1.082203569642296e-115,0.20756488720314198,0.11610551118824604,1.7877263971269164,0.07382942541065098,-0.597246740023838,0.15587172713785155,-3.831655368106869,0.00012752201136302776,0.07071436484741392,0.033947100187355556,2.083075268789917,0.03725211922166141,0.146351176838511,0.1064985925722039,1.3742076144272786,0.16938666364879423,1.1609566308488946,0.04486223697238195,25.878259962016642,3.490641959590091e-146,-0.5672019094952085,0.05403688531488538,-10.496569263568622,9.844000915307067e-26,-0.8495010120390822,0.061894713127858624,-13.724936575507357,9.462280762014936e-43,0.760188404139679,0.04780801183662439,15.90085793020407,1.0207326375622112e-56,0.23599832330912604,0.07234173269680048,3.2622708153569526,0.0011063685036099026,-1.0587199633265305,0.06159547894005648,-17.188273904921758,6.342081969905906e-66,-0.7096516844735017,0.05078875803141066,-13.972613467622356,3.071900506367334e-44,0.24830792490861547,0.07862111709753393,3.158285382800851,0.0015884454504307096,0.6825603339119382,0.04617087270948398,14.78335352694629,2.7081022187551293e-49
3.186,0.08416662033490596,0.08374616611597974,32689,-0.18766283035534076,0.02426759848620026,-7.733061450726367,1.0799743267006122e-14,-0.5503372570258004,0.20417361122018146,-2.695437739171469,0.007033218656007132,1.0134793109779072,0.045698957069799095,22.177296287745737,3.582558317273334e-108,0.17271163326664452,0.11708172678223028,1.475137393454102,0.14018524478440078,-0.6289972976315907,0.15718229723169072,-4.001705718198231,6.302608157206082e-05,0.04618370237945878,0.03423252753903149,1.349117511898609,0.17730857341032075,0.041135645612773226,0.10739403315674081,0.3830347404192936,0.7016964975264031,1.1324506862934456,0.04523943883700704,25.032376957051717,5.3264845579802695e-137,-0.6557620032990434,0.05449122765880049,-12.034267376120237,2.760434020782351e-33,-0.8314817499673854,0.062415124118880665,-13.321799190588504,2.2040802762044055e-40,0.6954303599714158,0.04820998178787526,14.425028472968965,5.02454395657399e-47,0.10968585412215823,0.07294998226938068,1.503576158759352,0.1327001990081655,-1.0965980882926853,0.06211337396885248,-17.65478218656401,1.966256057100735e-69,-0.7372218142733422,0.05121579010837183,-14.394424311592033,7.804011222180368e-47,0.2151575722406101,0.07928216375881286,2.713820638083854,0.006654704337662113,0.6367196861570281,0.04655907758852526,13.675521920433217,1.8615367491225247e-42
3.2399999999999998,0.08755248682459871,0.08713358703891538,32689,-0.21298023065990712,0.02429028024516661,-8.768125707495157,1.902780390727985e-18,-0.5076207007825965,0.20436444249009963,-2.483899325134254,0.013000227106053894,0.9922748818693423,0.045741669690492086,21.693018391840596,1.2883342984008707e-103,0.2143434647151844,0.11719115744994751,1.8290071484849935,0.06740764717150137,-0.7577061970662397,0.15732920797696345,-4.816055497954232,1.4707885422247256e-06,0.06312831636778293,0.03426452303866409,1.842381296145548,0.06542845078678379,0.11121466160746735,0.10749440920243279,1.0346087990309207,0.3008593005254524,1.1805004415881208,0.04528172196807407,26.070131396956018,2.625209817498917e-148,-0.6446909797036204,0.05454215799260506,-11.820048993863224,3.576488079250377e-32,-0.9191888953894457,0.06247346053819816,-14.71327004252351,7.596620258885465e-49,0.7366906607594023,0.04825504134279194,15.266605110254348,1.937364102630517e-52,0.1985737610730428,0.07301816511472381,2.719511792182809,0.006541290426733017,-1.0464434437456287,0.062171428356794886,-16.831581184530723,2.6489131301662236e-63,-0.7729615542671551,0.051263659047985695,-15.078158067952566,3.3540116876861856e-51,0.23796021494222186,0.07935626499012055,2.9986317396849094,0.002713989634434749,0.6760723283707244,0.04660259412256382,14.507182295317483,1.5339750850402904e-47
3.294,0.08274922140626395,0.08232811646705096,32689,-0.18007457874791621,0.02448140874003408,-7.355564406448677,1.9458332813153777e-13,-0.4823556646992567,0.20597248767950554,-2.341845117925677,0.019194649751863475,0.9845011633755671,0.04610158881832546,21.355037616062077,1.7057481389067052e-100,0.22260312176529318,0.11811327812163643,1.8846578920284485,0.05948490891178438,-0.6931004533514444,0.15856715560110876,-4.371021544303958,1.2404793621594198e-05,0.038021503781399416,0.034534134037369414,1.1009832689088517,0.27091204989059703,0.17959819164484417,0.1083402308409714,1.6577239152136354,0.09738280455933221,1.0875045832362433,0.0456380219892106,23.82891579949155,1.93649461425881e-124,-0.6545125817817443,0.05497132391653566,-11.906436577287227,1.2799093106388885e-32,-0.9379274930944097,0.06296503405490157,-14.896005492137041,5.108129017809845e-50,0.6835292422805568,0.048634736979422166,14.054342322644095,9.783323844983511e-45,0.1672866247191203,0.07359270982378037,2.2731412543401706,0.023024131314852724,-1.123185483140721,0.06266062532799736,-17.924900641533675,1.6604604252874567e-71,-0.7718741476726962,0.051667028045640224,-14.93939513979513,2.678012417727958e-50,0.23476386108850736,0.07998068114887952,2.935257086039411,0.003335034539755921,0.6003580768749386,0.04696928744934573,12.781928563902483,2.5421047121307453e-37
3.348,0.08427115089594872,0.08385074466644538,32689,-0.18101906034299092,0.024401136475423184,-7.418468419506332,1.213583550341447e-13,-0.46853451052803297,0.2052971230299813,-2.2822263829757072,0.022482376096507,0.9555674123948084,0.045950425992039426,20.795615965787857,1.9718823471052044e-95,0.16535102082146977,0.11772599565696619,1.404541281632265,0.16016723395200078,-0.6903578599466528,0.15804722863088527,-4.36804786725469,1.2574759344624577e-05,0.06023648357434981,0.03442089982054011,1.7499973530152941,0.08012815710861007,0.11274828594572434,0.1079849932902887,1.0441106908497073,0.29644190500491424,1.1179476524835952,0.045488379155485724,24.576555006769787,3.579319337259759e-132,-0.6163361496415963,0.05479107805297867,-11.24884144542014,2.6566471418378697e-29,-0.9622142550613131,0.0627585775585226,-15.33199591982538,7.14482253610554e-53,0.6912831116636832,0.04847526819567897,14.260531965974835,5.299502271728991e-46,0.10812008662392346,0.07335140616600733,1.4740015532794069,0.14049080726944663,-1.149627905254456,0.06245516695955029,-18.40725053219414,2.7635990609841574e-75,-0.8032421175959784,0.05149761666123097,-15.597656157176774,1.1894926499096644e-54,0.21384982449372147,0.07971843192665877,2.6825643621598583,0.0073096843360289316,0.5924600285384312,0.046815279519869295,12.65527055727564,1.2752896082678714e-36
3.402,0.08266090654411029,0.08223976106001518,32689,-0.16392972282675602,0.02462193193122097,-6.657874097153632,2.8221061156647806e-11,-0.583885147480219,0.20715476895967125,-2.8185938002416417,0.00482635037105852,0.930595944911208,0.0463662117592816,20.070562368617942,4.601822243628439e-89,0.2185439785945469,0.1187912478798087,1.8397313143445266,0.06581675986647607,-0.7245247050585676,0.15947733045906368,-4.543120348033078,5.562573420126965e-06,0.0350232514804762,0.034732359832761295,1.0083752341941512,0.31328182515665604,0.031577588218997046,0.1089621033456693,0.28980340181962994,0.7719684842148979,1.0998713393656612,0.04589998405836613,23.962346870688926,8.389041175873898e-126,-0.6409050577841935,0.05528685910254348,-11.592357898202767,5.181822800195523e-31,-1.0131092930565684,0.06332645310609028,-15.998200489127582,2.173901727426017e-57,0.6736420564979451,0.04891390018099511,13.771996385593482,4.956336253182899e-43,0.07540923017599413,0.07401513169265009,1.0188353172042317,0.3082886997770476,-1.154542507191477,0.06302029707427466,-18.320169227871975,1.3517687180686938e-74,-0.7851671054688392,0.05196359658616883,-15.109945366595879,2.0784184483166945e-51,0.17437067603094483,0.08043976994837179,2.167717239157449,0.03018740365923537,0.5995771925906674,0.0472388909770775,12.692448535288648,7.95651738441749e-37
3.456,0.08654954252175373,0.08613018228969138,32689,-0.18242739410930253,0.02463986966181699,-7.403748340113988,1.3558153484001767e-13,-0.509026115593953,0.20730568670437377,-2.455437299797013,0.014076500274636063,0.9736191217401595,0.046399990774576544,20.98317489911279,4.091799185129331e-97,0.16574504518290067,0.11887779045524856,1.3942473572916487,0.16325240229047416,-0.7566796149446253,0.15959351392500523,-4.7412930283632795,2.1325298852690124e-06,0.033342696098466074,0.034757663278298566,0.9592904975083308,0.3374195196031494,0.12583125298459913,0.1090414851285631,1.1539759646178738,0.24851846385653084,1.1606388602992088,0.045933423414412616,25.267850162786537,1.5824949843327018e-139,-0.6553757259474886,0.05532713704607982,-11.84546609382032,2.645343859230954e-32,-1.021153125804027,0.06337258810713697,-16.11348307374913,3.4403403158620435e-58,0.7010571931396172,0.04894953525489175,14.322039820992119,2.20298069642171e-46,0.12144596064064131,0.0740690536796022,1.6396315952135105,0.10109141673764603,-1.1747521492529178,0.0630662090325303,-18.627283410153396,4.8448778552915176e-77,-0.7791362313910437,0.05200145344480066,-14.982970278284506,1.3975321350527971e-50,0.184018939880531,0.08049837245472954,2.285995781890113,0.022260876445506405,0.5760868386950746,0.047273305762333524,12.186303229804794,4.360866227944747e-34
3.51,0.08391681310648025,0.0834962442023881,32689,-0.15676796418878952,0.024728972341479732,-6.339445166746013,2.336011615034849e-10,-0.541881749155366,0.2080553453855359,-2.604507700348841,0.009204800401494517,0.9521136330273504,0.046567782389186754,20.445758508965103,2.4831199097162995e-92,0.20379251744807095,0.1193076762390343,1.7081257792647835,0.08762250533319306,-0.9317517730596063,0.16017063587989722,-5.8172446400117535,6.038257813953993e-09,0.03162618854596325,0.03488335391625316,0.9066269436674694,0.3646107945872661,0.031307914817508345,0.10943580087181624,0.28608475990576215,0.7748150175464674,1.1138620662246506,0.04609952782845706,24.162114422722304,7.395070922399947e-128,-0.6539257961439457,0.05552721100087484,-11.77667281242782,5.975022804203174e-32,-1.006633368953646,0.0636017560165054,-15.827131702030567,3.2731366319980107e-56,0.6599862775011963,0.04912654653049178,13.434412229476727,4.885509367800299e-41,0.08426517335351821,0.07433690214039028,1.1335577745004455,0.2569884110633309,-1.1952747090865317,0.06329426901410062,-18.88440656167859,4.0487836289551906e-79,-0.8042809812331544,0.05218950106485238,-15.410781188226508,2.136134346074336e-53,0.20646093677364719,0.08078947061363422,2.5555426369980987,0.010606723616279876,0.5553345238041922,0.047444255457999636,11.704989749408252,1.3896889753515448e-31
3.564,0.08408113308778586,0.08366063962212056,32689,-0.14660514714782094,0.024756636567593505,-5.921852378756791,3.2151318043369117e-09,-0.4851047981166032,0.20828809626735362,-2.3290087470670158,0.019864667446599905,0.9726092327553365,0.04661987762565036,20.86254366785821,4.966141361290897e-96,0.03207679201436334,0.11944114537341678,0.26855730421940893,0.7882720673586356,-0.7604520300053885,0.16034981828289324,-4.742456450208005,2.120324062719625e-06,0.010452060564922505,0.03492237781813716,0.29929406924559876,0.764717583055823,0.03243305876538006,0.1095582263692633,0.2960349016245045,0.7672053090937044,1.1111660872962836,0.04615109922996837,24.0766981899912,5.61726295337618e-127,-0.643301490165569,0.05558932912286485,-11.57239168588865,6.5349155109179715e-31,-1.0724338591576434,0.06367290710743538,-16.84285998357393,2.192889049508622e-63,0.6282159520138401,0.04918150424861453,12.773418820989747,2.8344309273091953e-37,0.02830550169987163,0.07442006260662444,0.3803477275945215,0.7036897838093593,-1.153493180619039,0.06336507612025663,-18.20392637783463,1.1123501603345914e-73,-0.8398973407670867,0.052247885300892846,-16.07524086248011,6.3506215826639916e-58,0.15274396583175914,0.08087984954858571,1.88852930222136,0.0589637779044078,0.5297001751322186,0.04749733120221842,11.15220922365167,7.875201343765296e-29
3.618,0.0820280861513033,0.08160665014274171,32689,-0.09831516576487326,0.024765076956964137,-3.9699115789432766,7.205305176893206e-05,-0.7001171609154015,0.20835910884731226,-3.360146646760976,0.0007799024684143267,0.9042297136452117,0.046635771946290296,19.389187224918228,2.801118189802186e-83,0.081578281583618,0.11948186697027316,0.6827670478560107,0.49475889579026444,-0.8459550829521727,0.16040448705415875,-5.273886650480954,1.3441330713109675e-07,-0.03195642049765771,0.034934284058539745,-0.9147581339897507,0.3603253685561498,0.04447417368753314,0.10959557853892443,0.40580262708077686,0.6848902855995522,1.0514136730779438,0.04616683372792087,22.774220975913877,6.382170983431728e-114,-0.7006422277515403,0.0556082814381912,-12.599602246839916,2.5780696360151376e-36,-1.0598454498466008,0.06369461539268162,-16.639482683309755,6.4909597921477945e-62,0.5761295496604489,0.049198271915925,11.710361507107356,1.3047369628954753e-31,0.015068558104847739,0.07444543496702855,0.20241077389797665,0.8395968666430815,-1.1996825527066282,0.06338667945532576,-18.926414240584272,1.841631693411738e-79,-0.8451420630143722,0.052265698403029213,-16.17010943769173,1.384441658800029e-58,0.0836021034633034,0.08090742427266279,1.0333057097647727,0.3014685042084653,0.5593593665244209,0.047513524676978926,11.772634640920241,6.266837263336242e-32
3.672,0.08296266993415058,0.08254166298801802,32689,-0.11492873402668984,0.024838412444887846,-4.62705634998601,3.723220520916316e-06,-0.7196733812291725,0.2089761114488879,-3.443806931995635,0.0005743042693546344,0.9470378918380382,0.04677387194478105,20.2471562105456,1.3555829563322847e-90,0.1089714084678718,0.11983568218463844,0.9093402439181064,0.3631772614511394,-0.8380873830235962,0.16087948421825846,-5.2094111756760615,1.9058879927894597e-07,-0.012406057966768991,0.035037733071484486,-0.3540770728933283,0.7232834085445099,0.01282556807319265,0.10992011802008173,0.11668080697338315,0.9071137173309928,1.0769708490175534,0.04630354508493435,23.258928599140116,1.0670699550348057e-118,-0.7037723918435013,0.05577295124555564,-12.61852521924026,2.0301713674628066e-36,-1.0644629546591902,0.06388323082505248,-16.66263494991787,4.422811664221793e-62,0.6090864426643411,0.049343960107495234,12.343687886773852,6.303925586982687e-35,0.011260402041258274,0.0746658862220958,0.15081053223909896,0.8801261087698096,-1.1880231468014504,0.0635743830135985,-18.68713608352807,1.599760070149012e-77,-0.8356580283376416,0.052420469999367086,-15.941444789558949,5.362235624073128e-57,0.10564561743999148,0.0811470110684558,1.3019039894256685,0.19295838686036879,0.5087534695646909,0.04765422391733326,10.675936522379123,1.4592609198359182e-26
3.726,0.08101930582472139,0.08059740669049342,32689,-0.09861415286866937,0.024821692347206502,-3.9729020684509315,7.1154504297153e-05,-0.655656228853351,0.20883543816696035,-3.139583179025224,0.0016933902408425782,0.9063330879126248,0.04674238588625832,19.38996203826804,2.7597138438678817e-83,0.06835736875271649,0.11975501421456253,0.5708100758957954,0.5681323177953481,-0.7913685941392917,0.16077118741398316,-4.922328477313106,8.593669093681477e-07,-0.05443220141153114,0.03501414725170684,-1.5545773832569272,0.12005643930183145,0.022158039043755764,0.10984612476006488,0.20171889624832204,0.8401377449967158,1.0248005535067704,0.04627237562921611,22.14713507943857,6.93063895901979e-108,-0.6324280345505773,0.05573540741320035,-11.346970694266304,8.730201640137072e-30,-1.074620289371843,0.0638402275187033,-16.832964592067142,2.5882521460012553e-63,0.6127051807124176,0.049310743981673504,12.425389098573152,2.2877883258141925e-35,-0.004930095916960723,0.0746156245190233,-0.06607323799459444,0.9473199215241317,-1.2265092306495724,0.06353158760965,-19.30550261368369,1.3943428527376282e-82,-0.8737389004181262,0.0523851829060057,-16.679122834902927,3.364410331703543e-62,0.06777714411280301,0.08109238656479141,0.835801571318292,0.40327265435948123,0.5017464832529583,0.04762214524561484,10.535990780448103,6.488438872337457e-26
3.78,0.0806864591954859,0.0802644072531461,32689,-0.07187089782246066,0.025033285909148335,-2.8710133413287013,0.004094211085760316,-0.7175525011395967,0.21061566465608622,-3.4069284557313737,0.0006577748095495716,0.8893518320470026,0.047140843323607316,18.865844761025535,5.731406968848382e-79,-0.07803666562912716,0.12077587087750097,-0.6461279480921914,0.5182010349949433,-0.719127185519871,0.1621416881730247,-4.4351776130052105,9.229635010319919e-06,-0.04351577628170945,0.03531262682480405,-1.232300743232826,0.21784562987117137,-0.12129813366089,0.1107825126774707,-1.0949213077882987,0.2735591843884262,0.9822425293489232,0.04666682644433138,21.04798213610337,1.0641315939768169e-97,-0.7135162612310243,0.05621052624135573,-12.693641368297127,7.83681591008994e-37,-1.1573603333968452,0.06438443622723561,-17.975778017409493,6.70291855921396e-72,0.5649653889835141,0.04973109549579007,11.360405061483927,7.490962882487167e-30,0.027452410862631622,0.07525168855316121,0.3648079051839215,0.7152571648292196,-1.2196811484083607,0.06407316530427717,-19.035756117498092,2.3508558589624093e-80,-0.9168991082886895,0.05283174260423287,-17.355079789006005,3.6158788692496333e-67,0.05222513921086026,0.0817836620297997,0.6385766779657148,0.523102833204881,0.5081931641694304,0.04802810222867949,10.581162706569906,4.01686771891408e-26
3.834,0.08381206399049934,0.0833914469966468,32689,-0.0892998983570672,0.025086577775674367,-3.559668407368756,0.0003718500762917414,-0.6825954644790735,0.21106403175938535,-3.234068158317177,0.0012216153590691341,0.9158333196278698,0.047241198648091835,19.386326889164614,2.9594058945762976e-83,-0.06512510528945203,0.12103298341213699,-0.5380773360571511,0.5905273236184754,-0.8387276022761545,0.16248686192431658,-5.1618179608073085,2.4599321732632115e-07,-0.0310257587716647,0.03538780176597081,-0.8767359718144266,0.3806365095595148,-0.05121796043757522,0.11101835094898058,-0.4613467953700093,0.6445528877763602,1.020863916171883,0.04676617266260614,21.829109761384384,6.911580101878577e-105,-0.7239907236988029,0.056330189471851484,-12.852623619535049,1.0263253048198464e-37,-1.1894499302826516,0.06452150040627419,-18.434939094612055,1.6656978830032174e-75,0.5855482107115628,0.0498369650533453,11.749275062893462,8.254798582297189e-32,0.04259357549532627,0.07541188737631163,0.5648124848378447,0.572205191885682,-1.1738596854354033,0.06420956683724764,-18.281694508402342,2.7195356838166237e-74,-0.961921230897619,0.052944212944140326,-18.168581180203965,2.1058992569054126e-73,0.04174473111114225,0.08195776638097117,0.50934442157802,0.6105142660011196,0.5220411387381172,0.0481303463856295,10.84640311032512,2.309547577294354e-27
3.888,0.0786757997725418,0.07825282474718709,32689,-0.08459028854591658,0.025174900430540197,-3.360104195021893,0.0007800222781725888,-0.5739974259141515,0.2118071277606961,-2.710000517842181,0.006731820571037667,0.8601534095338002,0.04740752137735981,18.14381736364263,3.2910626717400355e-73,-0.08447814177101115,0.12145910587957284,-0.6955274465363802,0.48672976361385,-0.6849611840517739,0.16305893162446872,-4.200697117464666,2.667995053087114e-05,-0.05491735407836402,0.035512392079954054,-1.5464279047922438,0.12201094441323536,0.057089475234538764,0.11140921476397843,0.5124304605815901,0.6083532410282995,1.0085565755929182,0.04693082296143967,21.49028105519459,9.736032405438886e-102,-0.6895102658791068,0.056528511934474245,-12.197566188870521,3.800253395373829e-34,-1.1544785067071486,0.06474866212848146,-17.83015229590852,8.933139737494459e-71,0.6020635677991673,0.050012426732627645,12.038279426388772,2.6299992264707385e-33,0.038311863845186166,0.07567739103173558,0.5062524397692297,0.612682861857158,-1.1820800767894737,0.0644356303307047,-18.34513095817722,8.582316210891558e-75,-0.897703729807479,0.05313061435324535,-16.896166941322882,8.963821147569602e-64,0.032879267862906,0.08224631620145167,0.3997658421852293,0.6893316047606816,0.5001255993050687,0.0482997995494051,10.35461024622883,4.361028389847103e-25
3.942,0.07844790177017325,0.0780248221180615,32689,-0.07452453565442085,0.025309044817947775,-2.944581124672559,0.0032361990359306516,-0.5822871848761575,0.2129357414559284,-2.734567625401085,0.006249592409370153,0.8955564188592415,0.04766013222407294,18.790472813814386,2.342448560178518e-78,-0.1275774529780687,0.12210630038976529,-1.0448064724820865,0.29612015257152086,-0.8079532273738856,0.16392779069123836,-4.928714185477455,8.31773872207027e-07,-0.05737648974185037,0.03570161976306195,-1.6071116695162928,0.10803953680417523,-0.0161644589905886,0.11200285845712064,-0.14432184332846315,0.8852472205169574,0.9884996598000826,0.04718089372196027,20.951270351625134,7.929164762606745e-97,-0.6821520473108433,0.05682972395417752,-12.003437635221854,4.0020811360201115e-33,-1.19611171677872,0.06509367519578832,-18.375237120673603,4.957890832529597e-75,0.5847828933256619,0.05027891781033121,11.630777248063639,3.3122694713118045e-31,0.04295704567569211,0.07608063780081677,0.5646252044857456,0.572332594200057,-1.200010170429116,0.06477897540894173,-18.524685869969368,3.211387904618214e-76,-0.8722100722034343,0.05341372068507251,-16.3293262670464,1.0531110764196351e-59,0.0957222263207466,0.0826845654701554,1.1576794989059607,0.24700331588714824,0.48791183172303754,0.04855716489789338,10.048194385916574,1.0129574179039589e-23
3.996,0.07690813082037806,0.0764843442676374,32689,-0.047904135521732935,0.02554578664959908,-1.87522647780685,0.060770484590879754,-0.6833515027090188,0.21492755101724997,-3.1794504681913645,0.0014769221392815304,0.8982475982763888,0.04810594703378354,18.672277621841083,2.106978876502165e-77,-0.10715882600318392,0.12324848767570894,-0.8694534758522954,0.38460553152655896,-0.8794429143423701,0.16546117789355883,-5.315101255402133,1.0729631528225499e-07,-0.0703373537061216,0.03603557416222727,-1.951886582671678,0.05096020225411499,0.008530400659822794,0.11305053773747487,0.07545652440532417,0.9398519493468273,0.9719892923133413,0.04762222571528629,20.410412947191205,5.074116429147421e-92,-0.7226049998655,0.05736131149681008,-12.597428144677005,2.6497587092550204e-36,-1.1814187017084765,0.06570256407348464,-17.98131805612831,6.071548171051993e-72,0.5578391287082489,0.05074922884662217,10.992071040018931,4.672808690607321e-28,-0.046945666628421555,0.0767922991723037,-0.6113329999807223,0.540983401585777,-1.1819571148048098,0.06538492057206904,-18.07690679232415,1.0963564288423551e-72,-0.894970811050765,0.05391335479458769,-16.600169187405314,1.243661873361982e-61,-0.006542359400636088,0.08345800024888776,-0.07839103957829707,0.9375174810239059,0.4731212734690109,0.04901137058761462,9.653296118769848,5.093653520989615e-22
4.05,0.07807646873138341,0.077653218556345,32689,-0.06089055721291059,0.025564085421570064,-2.3818789606114095,0.017230246802972853,-0.7062974989380505,0.21508150635635512,-3.28385973719112,0.0010250347598615328,0.8973365495246932,0.04814040593564841,18.639987180918375,3.83060592908853e-77,-0.12347806110745002,0.12333677213540012,-1.0011455543193135,0.31676385843589655,-0.7587155208730317,0.1655796998402835,-4.582177172714294,4.618596994227459e-06,-0.06452055223865318,0.03606138690244477,-1.7891866558875755,0.07359401955230914,-0.004405421584798412,0.11313151727588683,-0.03894070981170687,0.9689378973475111,1.0129070386983272,0.04765633812141681,21.25440347761688,1.420008767166071e-99,-0.7088958630408688,0.05740240013398669,-12.34958575575566,5.860426997342095e-35,-1.2039745956978556,0.06574962765599947,-18.31150439356133,1.5824434672119326e-74,0.5994524548294822,0.05078558116487744,11.803595451302124,4.346057250938757e-32,0.05082090239304151,0.07684730647315359,0.6613231448885676,0.5084097649491597,-1.13594364733733,0.06543175662250274,-17.36073897405753,3.2794639385670485e-67,-0.919878612011626,0.053951973616513556,-17.049952955383095,6.682264940660477e-65,0.017109438884928017,0.08351778227621996,0.2048598324646797,0.8376829147496432,0.45175872658437494,0.04904647805588991,9.210829084803654,3.423469505116154e-20
4.104,0.07619805058186302,0.07577393803507293,32689,-0.04561826545232865,0.02566984358989807,-1.7771150530220194,0.075558612877113,-0.7607026213767518,0.21597129473635654,-3.522239482359761,0.0004285008893954063,0.8810046058877131,0.04833956194183297,18.225332843268763,7.552754563913696e-74,-0.24709852464655246,0.12384701417588097,-1.9951916183916734,0.04603027499724114,-0.8884307156414667,0.16626470012402667,-5.343471674857825,9.179286323555184e-08,-0.05675277789742346,0.03621057222096011,-1.5672985654883607,0.11705460470020358,-0.031464795184285244,0.11359954035787712,-0.2769799515487515,0.7817972526557897,0.9937971303740125,0.04785349154763282,20.767494664099864,3.5152069714267815e-95,-0.6758084781755606,0.05763987284602353,-11.72466983022124,1.1027931932306621e-31,-1.2267171938571915,0.06602163270036064,-18.5805340413899,1.1484506226879393e-76,0.5869967049279229,0.05099568021410605,11.510714289198798,1.3348003035341761e-30,-0.07660292302965852,0.07716522241810204,-0.9927130464887817,0.3208571667757687,-1.1745901709078859,0.06570244664003182,-17.87741904564358,3.86292808023094e-71,-0.8843207125458681,0.054175171975198,-16.32335773573031,1.1603995617451628e-59,-0.01971390979825159,0.0838632938613478,-0.23507197118735684,0.8141543461016731,0.42938486477043963,0.04924938246637799,8.71858373175696,2.9475719762451778e-18
4.158,0.07688776062088931,0.0764639647162988,32689,-0.052285616269907784,0.025840261323470323,-2.023416699057046,0.04303832875793157,-0.7396739261908433,0.21740509149622922,-3.402284284605508,0.0006690517153032632,0.908871149329077,0.04866048008685995,18.677808926396192,1.90171734137872e-77,-0.20001835638656165,0.12466921347723744,-1.6043925425348233,0.10863721897461474,-0.956209881419479,0.16736850324105684,-5.713200888474654,1.1183271530968167e-08,-0.034163048773617005,0.03645096806239324,-0.9372329622395764,0.34864566540643105,0.01634086892335809,0.11435370842029015,0.14289758634936126,0.8863719459935884,0.9648205045198766,0.04817118275383385,20.028997615656184,1.0503678073378468e-88,-0.6901497642548426,0.0580225341762109,-11.894512607100198,1.475595576035369e-32,-1.2323893029295627,0.0664599391112327,-18.543340836754858,2.2785944685354182e-76,0.6003303229285684,0.05133423187740809,11.69454184806397,1.5709564848528843e-31,-0.0516424608262034,0.0776775092292405,-0.6648315752993197,0.50616291676412,-1.200830838981756,0.06613863402883821,-18.15626912491361,2.6294936605565354e-73,-0.8919985067243945,0.05453483174451321,-16.356491405406036,6.768907512259353e-60,0.021446930884357562,0.08442004803165287,0.2540502094516239,0.7994583673396307,0.4903924742108494,0.04957634075540536,9.891663376897808,4.874879980279918e-23
4.212,0.0770151376124748,0.07659140018598154,32689,-0.0421242724653965,0.025909367239025743,-1.6258317726087579,0.10399509167426846,-0.9276631594384457,0.21798650890939641,-4.255598954630804,2.0907062366815114e-05,0.8537675147594846,0.04879061526566769,17.498601116437488,3.009351000654285e-68,-0.12883994555582912,0.12500262264950046,-1.0306979391711506,0.3026901209627365,-0.8305666528880948,0.16781610527986085,-4.949266648174136,7.486386961555775e-07,-0.05477336773451426,0.0365484507267247,-1.4986508769977291,0.1339738877564989,0.00024514877751030456,0.11465953031654023,0.0021380584486394025,0.9982940905264375,0.995486371889694,0.04830000938007882,20.61047988740721,8.744623596319596e-94,-0.7020947234843047,0.05817770676896834,-12.068105851480519,1.8342591870625635e-33,-1.2432099164743189,0.06663767628202003,-18.656261530082165,2.8345252283276612e-77,0.583280254063638,0.05147151760562944,11.332097462769287,1.0340514992954803e-29,-0.06695447523055191,0.07788524611417964,-0.8596554363119912,0.38998531398037684,-1.2172346000073277,0.06631551191722071,-18.355201744152385,7.143825114577216e-75,-0.9211381507217336,0.05468067699856032,-16.84577077833155,2.0884904267372895e-63,-0.0028950407516794494,0.08464581682854816,-0.034201817173593045,0.9727164264211461,0.4868774731672799,0.049708925266641626,9.794568491586576,1.276398185135731e-22
4.266,0.07594111717680618,0.07551688667326051,32689,-0.01095981376329578,0.02593570815968636,-0.4225762294908672,0.672607253474388,-0.7096744345835846,0.21820812626049943,-3.2522823358849933,0.0011459832739757999,0.8185321795911079,0.048840218550604726,16.759388141209968,8.850901052237237e-63,-0.25815431671565064,0.12512970734960924,-2.0630937463505292,0.03911160442117677,-0.8359388122868393,0.16798671657553513,-4.976219723366996,6.516712534829098e-07,-0.06351162145661768,0.03658560793832233,-1.735972832915294,0.08257806527110713,-0.11875967829993174,0.1147760996469754,-1.034707388255995,0.3008132427464551,0.9566989130472724,0.04834911388746607,19.78731017230256,1.2334153080162607e-86,-0.7453758087613613,0.058236853499341205,-12.799039851454085,2.0419512339010934e-37,-1.2657888672048996,0.06670542389344408,-18.975801266578912,7.278398968445829e-80,0.551816789895931,0.051523846446740205,10.709930021749049,1.0126724287567659e-26,-0.0958847299715872,0.07796442863799814,-1.2298522755396055,0.21876128381001222,-1.2847417409854271,0.06638293199822326,-19.353494976989165,5.5588245840100375e-83,-0.9211353994510325,0.05473626845169,-16.828611549653274,2.7839556255744466e-63,-0.028965449920306703,0.08473187252897359,-0.34184833942389425,0.7324672276353956,0.4359914972627116,0.04975946215719915,8.761981708832293,2.0091755984312527e-18
4.32,0.07546405026218717,0.07503960073976601,32689,-0.01579306651149517,0.026048394007670398,-0.606297129367923,0.5443216767033865,-0.898275110074243,0.2191562001512634,-4.098789399771698,4.163191506601269e-05,0.8451787367884286,0.04905242025372442,17.23011285511965,3.099581435418255e-66,-0.23273199034303163,0.12567337275075693,-1.8518798791578535,0.06405208870639267,-0.8559325566247418,0.16871658774353324,-5.073197413913138,3.9332554225510056e-07,-0.06708557144204659,0.03674456562820525,-1.8257277040867095,0.0679004108479562,-0.2261574583583863,0.11527478054041342,-1.9618988411702007,0.04978273932857799,0.9357442693348106,0.04855918183178982,19.27018195191697,2.739605329365081e-82,-0.7236463469559569,0.05848988184081121,-12.372162914014195,4.43112361606056e-35,-1.2762198409610033,0.06699524660467629,-19.049408810921857,1.816561566468574e-80,0.5694082066311741,0.051747708015990705,11.003544474959542,4.11656986795345e-28,-0.10769377573279511,0.07830316963938401,-1.3753437597579519,0.16903432531803667,-1.2838639598637227,0.06667135354190465,-19.256605598336645,3.5505294564073684e-82,-0.876501273623552,0.05497408739952764,-15.943898572677048,5.157291597432549e-57,-0.04831405553548315,0.0851000168205586,-0.5677326202808854,0.570220439165926,0.47970105441987076,0.049975657803521596,9.598694154378254,8.650760520032068e-22
4.374,0.07568683635386486,0.0752624891113498,32689,-0.03562347474169808,0.026203813887537352,-1.3594767118476887,0.17400495923856116,-0.6337776328416349,0.22046381359912423,-2.874746755465508,0.004046126648410418,0.8800958092374328,0.04934509554344754,17.835527513824,8.121702950848064e-71,-0.22726336029980515,0.12642321323956582,-1.7976394878458926,0.07224338593346535,-0.8991672172099574,0.16972324910587827,-5.297843530258079,1.1793626808874561e-07,-0.011711331431821773,0.036963805093564124,-0.316832409492952,0.7513727951688062,-0.07810268024762598,0.11596257697569477,-0.6735162522646936,0.5006236768975557,0.9920034994611251,0.04884891417400301,20.307585465002234,4.030015424025679e-91,-0.6993178144521763,0.05883886651934664,-11.88530398052851,1.6468103241306238e-32,-1.235965168312751,0.0673949792398587,-18.339128259301805,9.573567879406269e-75,0.5699498297775127,0.05205646496126983,10.948684859825905,7.537221080076139e-28,-0.1228281593559034,0.07877037192505933,-1.5593192764502855,0.11893051690490758,-1.2622359084054282,0.06706915364255571,-18.819917053560868,1.3523998690724268e-78,-0.902425686827839,0.055302094802092035,-16.318110372804558,1.263681410883849e-59,-0.06481377873347266,0.08560777305255632,-0.7571015624209987,0.4489944776491058,0.47352712807642894,0.050273841665828344,9.418956506725252,4.8447364768621025e-21
4.428,0.07422360952605755,0.0737985905239118,32689,-0.011400249573198164,0.026316225131574052,-0.4332023121173337,0.6648706590269028,-0.8330447272048439,0.22140957713026957,-3.7624602241786036,0.00016854387085308631,0.8626712670476342,0.049556780132605276,17.407734415740425,1.4557578350399821e-67,-0.19416573994042907,0.1269655537834412,-1.529278880408838,0.12620500375579596,-0.90412776733099,0.1704513416520941,-5.304315933026756,1.1383132410258654e-07,-0.04461766283847969,0.037122375419728515,-1.2019075378125679,0.22940806482558493,-0.07344635982248096,0.11646004263452925,-0.6306571606964606,0.5282691264056218,0.9740314551346521,0.049058470204117896,19.85450119178183,3.297208336480473e-87,-0.7055334048834958,0.05909127825649056,-11.939721490218403,8.59768802678445e-33,-1.3031990510148428,0.06768409568262901,-19.254139955205257,3.7216489160610997e-82,0.5536485210850564,0.05227978100265083,10.590107886201432,3.6521205237742017e-26,-0.09409074103872953,0.07910828744908695,-1.189391706896513,0.23429420600441417,-1.2374563676796368,0.06735687233227798,-18.371642340742078,5.293850952282752e-75,-0.8975177505128376,0.05553933420934853,-16.160037985506946,1.628117372709721e-58,-0.0240682483334239,0.08597502021395621,-0.27994466617778047,0.7795217302160614,0.42126926340201176,0.05048951046535557,8.34369871126151,7.479766432117749e-17
4.482,0.07392939227237294,0.07350423819665552,32689,-0.010500011153162526,0.026479584445841184,-0.3965323237846971,0.6917149567171527,-0.7706335603619738,0.22278398841119376,-3.4591065805842867,0.0005426612070462871,0.841691881582826,0.049864406381403256,16.879612987767,1.1837870750562754e-63,-0.23690510962927958,0.12775369895615918,-1.8543894350219756,0.06369246926852902,-0.9213940647627088,0.17150942707844163,-5.372264839653972,7.828473739252322e-08,-0.027920518241711444,0.03735281446492645,-0.7474809767796281,0.4547786609489538,-0.048574003102234226,0.11718297430915882,-0.41451416802310814,0.6785003145113674,0.9886536020684844,0.04936300316853322,20.028230427817817,1.0664734780446622e-88,-0.7089733112828565,0.0594580903903314,-11.923916604596236,1.0387021392356235e-32,-1.3150200705294655,0.06810424817038985,-19.308928677098383,1.3058408310970106e-82,0.5002420290020695,0.0526043104187023,9.509525455621588,2.0415904709643252e-21,-0.0876195876027279,0.07959935619188414,-1.100757490946409,0.2710103266860578,-1.265138762910698,0.06777499356434548,-18.66674855099141,2.334229731678329e-77,-0.9164141692819201,0.055884097468741935,-16.398478472243465,3.413616141877686e-60,-0.0819833805619588,0.08650871455180423,-0.9476892702279662,0.3432946738323476,0.4443964360852509,0.050802926685427637,8.747457382464583,2.2846155049937263e-18
4.536,0.0747944906551874,0.07436973374152256,32689,0.013340138545035692,0.02654997066194241,0.5024539844090253,0.615351599502501,-0.9212988795807744,0.22337617753652828,-4.124427634769227,3.725763794023234e-05,0.8465928213144789,0.04999695252805821,16.93288847634008,4.832305274454346e-64,-0.27983000807962627,0.12809328508073944,-2.1845798388513846,0.02892674886840849,-0.907008587109729,0.17196532167990078,-5.274369147507835,1.340604844524922e-07,-0.031014576877664894,0.03745210315566458,-0.8281130901716526,0.40761250557333895,-0.12255477526963902,0.1174944620581444,-1.043068525297732,0.2969242742371315,0.969982896774432,0.04949421651954075,19.597903855927775,4.966971085432524e-85,-0.7080098117422475,0.05961613781013663,-11.876143570338154,1.836683674103658e-32,-1.3557516280911166,0.06828527821408019,-19.85423012908755,3.3148328318990396e-87,0.5436409440293589,0.05274413959043873,10.307134560365608,7.142582969886934e-25,-0.16105684833862888,0.07981094174368536,-2.017979550421377,0.043601548282538455,-1.2762630874367162,0.06795514840601365,-18.780962404958476,2.7967151080253167e-78,-0.9359979600576223,0.05603264474557334,-16.704511527301545,2.206825574526087e-62,-0.14810676145392793,0.08673866608633592,-1.7075056389097436,0.08773761094430416,0.39617611922417045,0.050937967542415745,7.77761929535718,7.606765298151702e-15
4.59,0.07345989351431792,0.07303452389422527,32689,0.001815767354116092,0.026608438847338708,0.06824028138342657,0.9455947793587102,-0.755351373556314,0.2238680952085897,-3.3740912158675997,0.0007414587628742894,0.8469158222244956,0.05010705551562387,16.902127125798064,8.109207165808965e-64,-0.2644140289495533,0.1283753713412285,-2.059694364947361,0.03943567188489173,-0.9015653624745036,0.17234402267500684,-5.231196002512988,1.694539962791415e-07,-0.027625974399275555,0.03753457995154012,-0.7360139486026672,0.46172749290235615,-0.04582881725629538,0.11775320765444373,-0.38919379071849775,0.6971353327704408,0.9759586728089286,0.049603212384898045,19.675311857545424,1.1014566398668088e-85,-0.6973944403536272,0.05974742410956335,-11.672376688152488,2.0369129462163797e-31,-1.3065598750929397,0.06843565564226249,-19.091800360952085,8.148317396405645e-81,0.48732035715352817,0.052860292416798065,9.21902499727123,3.172304358100594e-20,-0.12657995144793727,0.07998670091863662,-1.5825124676250346,0.11354230742439661,-1.333216607851331,0.06810479882432206,-19.57595692031034,7.604924696140328e-85,-0.9183280681136091,0.056156039498168116,-16.353148767615036,7.147518634699398e-60,-0.12491908228610392,0.08692968145408671,-1.4370129994331329,0.15072387555772387,0.41023774487572784,0.05105014282757527,8.035976437153739,9.593661527046642e-16
4.644,0.07384653176377154,0.07342133964723663,32689,0.03553420801426295,0.026679808489575928,1.331876427379399,0.18291008888716057,-0.7842374242761234,0.22446855831561496,-3.493751776021313,0.00047691369824079426,0.7762465610657175,0.05024145357806669,15.450320517887926,1.1627354652680382e-53,-0.31299124187695604,0.12871970211453165,-2.431572142689268,0.015038791803128095,-1.0293184407857277,0.17280628697057895,-5.95648722526498,2.6034935390681088e-09,-0.0347111814701887,0.037635255889652657,-0.9223049146248028,0.3563763615904745,-0.25260579748667467,0.11806904746567051,-2.1394751876872875,0.03240459050283288,0.9831544206380455,0.04973625903006344,19.76735765437788,1.823428089165217e-86,-0.7484879615146964,0.059907679745294554,-12.494023549184217,9.714658645436097e-36,-1.397394155053438,0.0686192150118099,-20.364473053399628,1.2822462101805178e-91,0.47462644376135876,0.05300207526170627,8.95486528438395,3.5771252362262787e-19,-0.1654930048842907,0.08020124271348039,-2.0634718276812225,0.03907570159793182,-1.3101816340316832,0.0682874707636499,-19.186266812639165,1.3566324778654118e-81,-0.9370768865138254,0.05630666225628774,-16.64238029682149,6.186844847438178e-62,-0.18562664884353225,0.08716284583854265,-2.1296533753312787,0.03320769352928709,0.37168028848417806,0.05118707045608691,7.261214310028553,3.921826685792518e-13
4.6979999999999995,0.07057641128123093,0.0701497178698276,32689,0.024812944786425442,0.026805164935022673,0.9256777507832356,0.3546203107844176,-0.8917538360618062,0.2255232353233602,-3.9541550332194815,7.696737876247743e-05,0.7893720282568424,0.05047751561865761,15.638091902547457,6.339007123969721e-55,-0.2932510683463159,0.12932449822175807,-2.2675600708186487,0.023362535451819304,-0.8233090765921709,0.1736182261527491,-4.742065938790462,2.1244135394737583e-06,-0.005091528966379019,0.037812087065320535,-0.13465347621736357,0.8928866880948624,-0.13728330239665643,0.11862380092701423,-1.15729981103137,0.24715835115282597,0.9542601651521055,0.04996994738821876,19.096681406094255,7.428980924365892e-81,-0.7484903284030552,0.06018915904417207,-12.435633597301925,2.0138144814575035e-35,-1.352452608533386,0.06894162590492359,-19.617358755050745,3.4035077602380235e-85,0.461791057897928,0.05325110822454423,8.671952064371904,4.44036994235749e-18,-0.16866044121017093,0.08057807235642561,-2.093130752298535,0.0363451757005194,-1.2749772025375485,0.06860832293943761,-18.583418861047,1.088952192860865e-76,-0.904501187760252,0.056571221990221986,-15.98871574519974,2.5284917160237538e-57,-0.12835467997873393,0.08757238493000996,-1.4656981202615207,0.14274016957473504,0.41915181811542623,0.05142757552596829,8.150332070462392,3.757509837660865e-16
4.752,0.07028821437761434,0.06986138865655,32689,0.03817319552065861,0.026866569548824583,1.4208436790296768,0.1553717524991392,-0.8305416338179177,0.22603985841454266,-3.6743149621636966,0.00023886935158942148,0.8130101978369245,0.05059314827228078,16.069571188997553,6.953954491367043e-58,-0.22960874489442593,0.12962075160753958,-1.7713887787784621,0.07650539313610372,-0.979102730644908,0.17401594652312266,-5.626511536486158,1.8539377486085543e-08,-0.012629781504188755,0.03789870606613319,-0.33325099495876725,0.7389469658211929,-0.2321218378151011,0.11889554141812086,-1.95231742962334,0.05090905772066268,0.8935117884841803,0.050084417316999766,17.840115476014585,7.487513618890842e-71,-0.7202813055341384,0.06032703889214644,-11.939609812804965,8.609188968615229e-33,-1.3719947709467304,0.06909955568912113,-19.855334195191272,3.243629338914882e-87,0.4645593140156912,0.05337309455602095,8.703998107662374,3.3513925536250583e-18,-0.17832413999464036,0.08076265862649491,-2.208002349443949,0.027251028985218768,-1.2732207857710427,0.06876548920138395,-18.515403592088724,3.8088169603989286e-76,-0.9807847753333735,0.056700813956808725,-17.2975431372198,9.741795943726508e-67,-0.10474253533883762,0.08777299359962173,-1.1933344305951645,0.23274708813771933,0.36811770546544137,0.05154538455350442,7.14162303092982,9.41603394048553e-13
4.806,0.06940605276391532,0.0689788220471601,32689,0.02824993889416481,0.026839181773028055,1.0525633431401582,0.2925489491215598,-0.628754815201327,0.22580943342663767,-2.7844488410427757,0.005364961622817603,0.8115460560685318,0.050541573626727176,16.057000165095246,8.503099309572304e-58,-0.33592164142664466,0.1294886162384463,-2.5942175550633975,0.009484879253678375,-0.9882399471785995,0.1738385547009276,-5.684814561871908,1.3206912743571551e-08,-0.0010999023860031353,0.03786007213250681,-0.02905177734880105,0.9768234730848053,-0.2444373500553355,0.1187743393262182,-2.05799797702077,0.03959824156873434,0.9231730687149031,0.05003336127168349,18.45115029753908,1.2379737159857e-75,-0.761152672629645,0.060265541520379495,-12.629981469132778,1.7564656037243897e-36,-1.3396984864038401,0.06902911561542975,-19.40773070116494,1.9610097612460123e-83,0.45782416111765023,0.05331868603376391,8.586561207223568,9.351580015902021e-18,-0.14469647691576307,0.08068032918792724,-1.793454220776965,0.0729095688976058,-1.2629678235164934,0.0686953896750055,-18.385044898813906,4.1455351390819733e-75,-0.8984236561062728,0.0566430131580388,-15.861155789851693,1.912980105076112e-56,-0.15452280172085292,0.0876835178269397,-1.76227876743989,0.07803155849426484,0.3820848582466165,0.05149283919847009,7.420155194277355,1.1982528823253928e-13
4.86,0.06883553773423878,0.06840804509707699,32689,0.04522517372195735,0.026945366623200268,1.6784026120104063,0.0932780912056892,-0.7544519725046616,0.22670281166218345,-3.3279339015384277,0.0008758922011959523,0.7678368111492441,0.050741533128786785,15.13231398035219,1.4832902463251365e-51,-0.3464315958203249,0.13000091685291973,-2.6648396350332684,0.007706288138153853,-1.0491791531643662,0.1745263186216453,-6.0115812987431205,1.8566758915298035e-09,0.0018082165640432228,0.03800985933991488,0.0475723034877001,0.9620573964038329,-0.2812215072289022,0.11924425064960781,-2.358365335828685,0.01836147431718733,0.9371993549556383,0.05023131011435592,18.65767292993201,2.7614203485529268e-77,-0.735270110572471,0.0605039723172274,-12.152427062431343,6.591604588160358e-34,-1.3333436559468312,0.06930221806546462,-19.239552400578596,4.916166486866305e-82,0.4102776225046845,0.05352963272862793,7.6644953755729,1.8449801683871026e-14,-0.19690659264602867,0.08099952776630098,-2.430959760828996,0.01506422885686684,-1.315981821289513,0.06896717179272613,-19.081278629846725,9.943933293523866e-81,-0.9118088261939657,0.05686711201158633,-16.034027295217495,1.2275064764745225e-57,-0.24850076769934118,0.08803042338023727,-2.8228964278175823,0.004762070366141789,0.3748279656682223,0.051696562227788616,7.250539484939674,4.2431493478130316e-13
4.914,0.06774662438310919,0.06731863183163689,32689,0.04106749665953598,0.027031600376849776,1.5192402997606733,0.12871169683435144,-0.8709293373241411,0.22742833285051625,-3.8294671838296606,0.00012866067312048327,0.7792393233877426,0.05090392219288134,15.308040909600386,1.0301620068907022e-52,-0.1854165894931076,0.13041696118420942,-1.4217214372232851,0.15511667933230117,-1.059632715365867,0.17508485841721874,-6.052109388241977,1.4451537879083934e-09,-0.015418068461345382,0.038131502993623737,-0.4043393847843752,0.6859658140050016,-0.2164644684003031,0.11962587022370501,-1.8095121732072348,0.07038065634360528,0.9253482693086111,0.0503920663023294,18.36297530958433,6.200149447512052e-75,-0.7253023018278268,0.06069760429546621,-11.949438701026345,7.653254602789251e-33,-1.3333872731534893,0.06952400723180226,-19.1788034988806,1.563550252652464e-81,0.41264425785308156,0.05370094459928158,7.684115445868748,1.5835945450164015e-14,-0.21753403189999532,0.08125875204856076,-2.6770535655038805,0.007430984711803381,-1.3066805178062695,0.06918788870429922,-18.885971840980233,3.931785164284879e-79,-0.9173980440686507,0.057049104878728975,-16.08084905133554,5.8051668573479595e-58,-0.26693314926821865,0.08831214876737292,-3.022609606877073,0.002507994626959767,0.33181936587397,0.05186200768911847,6.398120332383339,1.594282871463062e-10
4.968,0.0691030376560795,0.06867566782670476,32689,0.030461034515170585,0.027121937274867638,1.1231142601084436,0.2613972228899932,-0.9619240711315147,0.2281883755348068,-4.215482356965143,2.4991425153703294e-05,0.7585246857901831,0.05107403799674569,14.851472794035091,9.891676519447301e-50,-0.0826825318743099,0.13085280159166038,-0.6318743723373172,0.5274733917181333,-0.9406042745156282,0.1756699744584005,-5.354382713469159,8.642765911117962e-08,0.02195753679005627,0.03825893465320661,0.5739191900947492,0.5660264371080275,-0.17648771226782084,0.12002564788718187,-1.4704166598934796,0.14145857158646016,0.9327206104882899,0.05056047153513099,18.447624837521673,1.3205336300539018e-75,-0.7175882161717854,0.06090044960291106,-11.782970747353636,5.546616926637488e-32,-1.3522897490660508,0.06975634949284247,-19.385901912840293,2.983672864382511e-83,0.45418923842220227,0.05388040777157244,8.429580569392696,3.6094037477586254e-17,-0.253526907607943,0.08153031065014309,-3.1096031106254354,0.0018749991763753631,-1.3573920664405947,0.06941910769092291,-19.553579865707267,1.1735903784192807e-84,-0.940661554503939,0.05723975726695582,-16.433709704897325,1.9194358538164614e-60,-0.26158541150188713,0.08860727911354987,-2.952188737977909,0.0031575431423352036,0.34334432890711597,0.05203532531864461,6.598293117312238,4.222675402451914e-11
5.022,0.06846062010699194,0.0680329553471476,32689,0.03701877522981905,0.02713309563344739,1.3643402776417972,0.17246989186033318,-0.8781645385921057,0.22828225554389844,-3.846836612420082,0.00011987985094394291,0.7880359131880301,0.05109505059714764,15.422940264825218,1.77202033080527e-53,-0.19614528539862483,0.13090663633312916,-1.4983601358412217,0.13404936862421699,-0.9819494547648464,0.17574224763515908,-5.587441084760527,2.322732426926659e-08,0.026210427632563964,0.03827467493412435,0.6847981773241835,0.493476143344058,-0.1879466477030204,0.12007502818049642,-1.5652434194768587,0.11753552882981148,0.9519335167798721,0.05058127284683792,18.81988062384994,1.3533200236600711e-78,-0.6888469352634177,0.06092550493164552,-11.306380407290172,1.3849637459217353e-29,-1.3259600476124744,0.06978504826730562,-19.00063237806326,4.559770923034015e-80,0.4330965072369421,0.0539025749532249,8.034801818146365,9.685832089033045e-16,-0.2470233958148596,0.08156385340308633,-3.0285890809262863,0.0024589035959597647,-1.3271209414186824,0.06944766771921482,-19.109654578817395,5.810284446918168e-81,-0.9271015964691953,0.05726330653374048,-16.190151295628237,1.0023780154246462e-58,-0.21335695450572478,0.08864373343401766,-2.4069039766306544,0.01609391095698475,0.3526060831711497,0.052056733406600685,6.7734961473099276,1.2783492751339887e-11
5.076,0.06774226692753216,0.0673142723755753,32689,0.0553433899504458,0.02732005719753002,2.025742096742365,0.042799331280386606,-0.9197132091386468,0.2298552425751381,-4.0012714038401755,6.314183771331968e-05,0.7561063104916067,0.05144712286732192,14.696765695557852,9.67852325581528e-49,-0.26064227055947675,0.13180865318399917,-1.9774291312697918,0.04800153463921395,-1.1500318228462,0.1769532058662856,-6.4990731149297165,8.197859671013436e-11,0.007500054074505384,0.03853840794811988,0.19461245219579132,0.8456975639935544,-0.21549026960707493,0.12090240944871478,-1.782348843084745,0.07470164551884356,0.9088414279705447,0.05092980491308242,17.844981529412635,6.868758651948186e-71,-0.7300398670395569,0.061345314298347595,-11.900499253929512,1.373893422610192e-32,-1.3682677693777143,0.07026590463363759,-19.47271264081469,5.6065704743266755e-84,0.4278979856630827,0.05427399257020013,7.884033685371912,3.2678539466420172e-15,-0.2708443462482243,0.0821258720466962,-3.2979174466996715,0.0009750875920125008,-1.3652590763071104,0.06992619935283606,-19.524285445834664,2.06951208125092e-84,-0.9221752850803905,0.05765788139164551,-15.993915538041456,2.3275053807627703e-57,-0.2637181544920164,0.08925453624372426,-2.9546750853300097,0.003132216888671454,0.33226048348793724,0.052415432186504476,6.338982044556815,2.343034717443598e-10
5.13,0.0665421265689593,0.06611358103896614,32689,0.0682973163332917,0.027319863416503467,2.4999142672153494,0.012427199244060666,-0.8822978829033385,0.22985361221307324,-3.8385208498940293,0.00012401077339168845,0.7244872695487159,0.05144675795314146,14.082272593514846,6.607198285263791e-45,-0.29139888408551656,0.1318077182658935,-2.2107877134909693,0.027057441308585947,-1.0282655507573137,0.17695195073809766,-5.81098736955562,6.268127436138563e-09,-0.020672613198318895,0.03853813459538859,-0.5364196636749654,0.5916721964863858,-0.17935968272705788,0.12090155188854035,-1.4835184488980782,0.13794636435254568,0.9166550707173378,0.05092944366823557,17.998529037320917,4.464176438195618e-72,-0.7127481173704017,0.06134487917634573,-11.618706026325237,3.8129369401978105e-31,-1.4139542376071366,0.07026540623793391,-20.123049354033203,1.619219686364163e-89,0.40002570082463296,0.054273607605047264,7.370538250113153,1.7396055588875602e-13,-0.24688460530209033,0.08212528952830407,-3.006194641383916,0.0026474051521827666,-1.3403993223990742,0.06992570336666021,-19.168907252467648,1.8872194450281097e-81,-0.9314900762322753,0.05765747242458647,-16.155582911662055,1.7491140996962518e-58,-0.31179068834494256,0.08925390316175329,-3.4933003185293727,0.0004777204598263467,0.2777814365942502,0.052415060404110946,5.299649269744305,1.1677683920998685e-07
5.184,0.06522944941190711,0.06480030123883385,32689,0.07688078666637213,0.02736390752549122,2.8095690132980016,0.004963735226692792,-0.7890538311958081,0.23022417400517303,-3.427328318606883,0.000610302308652162,0.7343596709660241,0.05152969858061861,14.251192830424046,6.053109406977023e-46,-0.2145474703606638,0.1320202139661913,-1.6251107608082402,0.10414860557124117,-1.1074299403654806,0.1772372263591755,-6.248291981963469,4.2007751325465305e-10,0.006895186415451561,0.038600264400886763,0.17863054884393897,0.8582289133022084,-0.14523815374481708,0.1210964650565524,-1.1993591528620628,0.23039702080961177,0.9150269673048828,0.051011550300081115,17.93764278721456,1.3233141067795548e-71,-0.697044419229057,0.06144377720167961,-11.344426579458446,8.986828023476867e-30,-1.3543384295180583,0.07037868561869914,-19.243587992757565,4.551886289344225e-82,0.3657068328316091,0.054361105578667114,6.727361942674013,1.7561340697475826e-11,-0.2385117123855229,0.08225768898973221,-2.899567387740434,0.003739268438471993,-1.3703411591263546,0.07003843509057747,-19.565559358288855,9.304040773017321e-85,-0.9278924579780636,0.057750425744327184,-16.067283418585195,7.213276740307522e-58,-0.2993335955728728,0.089397795119722,-3.3483330900052253,0.0008139105178484352,0.2552103231077195,0.052499562094249115,4.861189559058735,1.172235516698299e-06
5.2379999999999995,0.06514512476312528,0.06471593787705565,32689,0.08742745562443265,0.027544338723349288,3.1740626087465493,0.0015046059856683852,-0.8639354915925285,0.23174221829226693,-3.728002165332502,0.00019332927887794556,0.7431053744565292,0.0518694733452974,14.326449191215874,2.068330176261361e-46,-0.24219865810152313,0.13289072433921487,-1.8225399801666404,0.06838222866763168,-1.004906682393078,0.17840588712252725,-5.632699114367895,1.7886736642591092e-08,-0.009237759368626116,0.038854785504534035,-0.23775087801084746,0.81207581070215,-0.3139083889005554,0.12189494678750318,-2.575237096971584,0.010021495392543643,0.8966016729813581,0.05134790851634341,17.461308530141608,5.752631767086675e-68,-0.7108402344004469,0.061848923079003436,-11.49317076212381,1.6343570372947413e-30,-1.390471527042185,0.07084274618965485,-19.62757800664192,2.7901719358975457e-85,0.3611280623239629,0.05471954997800265,6.599616818287741,4.18519571906636e-11,-0.2581377219918789,0.0828000769269677,-3.1176024415963357,0.0018248678105016473,-1.3527237386809268,0.07050025212923414,-19.18750214114478,1.3251215171064108e-81,-0.9617050236359366,0.05813121852708876,-16.543692838432218,3.156728647506361e-61,-0.25350531372341534,0.08998726324463417,-2.8171243860839557,0.004848482195689392,0.259726132554985,0.05284573191180404,4.914798663181548,8.930369602378663e-07
5.292,0.06429491105969065,0.06386533384504534,32689,0.10581259200610091,0.02752016554695929,3.8449111734283217,0.00012082462119657882,-0.7817076749686649,0.2315388390942381,-3.376140599247385,0.0007359595128113805,0.7024473628637428,0.0518239521969763,13.554492335779969,9.666542352344061e-42,-0.26348316168170466,0.13277409816233288,-1.984447006821795,0.04721438153644068,-1.0650026228077536,0.17824931640134412,-5.974792186073835,2.327650470345712e-09,0.0012998841506493717,0.0388206861713451,0.03348431670970467,0.9732885768100066,-0.2879150132990947,0.1217879706106801,-2.36406774704764,0.01808132231918799,0.8543032635973087,0.051302845098328914,16.65216153139109,5.261338374602316e-62,-0.7127011481685017,0.06179464386968436,-11.533380622299266,1.0271061861086227e-30,-1.4608911782773082,0.07078057391473495,-20.639719311080395,4.814975957893157e-94,0.3071359593589534,0.054671527575036835,5.617841186848279,1.9492930064444413e-08,-0.2823559712797028,0.08272741078367182,-3.413088462517581,0.0006430897805218502,-1.4093865300805244,0.07043838043039335,-20.008786707883907,1.5680459168846267e-88,-0.9192440919171816,0.058080202011015,-15.827150390125116,3.272172209519984e-56,-0.2920660362513844,0.08990828955755045,-3.2484884062267962,0.0011613707515976883,0.25084167067383484,0.05279935398958223,4.75084734414228,2.0342586763075536e-06
5.346,0.06204594623494086,0.06161533653254203,32689,0.10362444956084249,0.027685850192266662,3.742866801677174,0.00018224418972399728,-0.9336666256226043,0.23293281437264807,-4.008308696811244,6.1290772318469e-05,0.6882593396811718,0.0521359573382074,13.20124104015995,1.0907782022419743e-39,-0.32120215467225416,0.133573462153167,-2.4046854030326448,0.016191920554180436,-1.1771506406753232,0.1793224630985849,-6.5644349309889245,5.3011867670346585e-11,-0.003113615272862381,0.039054405391090084,-0.0797250717731507,0.9364564067934327,-0.3033764361352306,0.12252119282472906,-2.4761139615186525,0.013287144287726165,0.8323122468252456,0.051611712923955604,16.126421691362378,2.795066618930583e-58,-0.695997952708455,0.06216667737485982,-11.195675595008014,4.8358734532872654e-29,-1.40664827558412,0.07120670704477389,-19.75443513628059,2.34833329342141e-86,0.34778637615932434,0.05500067649091911,6.323310881762438,2.5932285462224206e-10,-0.3450066949382883,0.0832254696230891,-4.1454460575680985,3.400074163545127e-05,-1.3613172353474423,0.07086245339091832,-19.21069861690546,8.520864349164659e-82,-0.9408927903597002,0.058429872788000534,-16.1029409352561,4.074270770041946e-58,-0.258852469997014,0.09044958074419383,-2.861842673755349,0.004214533824232077,0.25608188226966333,0.05311723151918122,4.821069828859385,1.4343170999301644e-06
5.4,0.06434000374236759,0.06391044722953232,32689,0.09693347468290936,0.027528293236636796,3.5212308242162558,0.0004301336224514082,-1.1086264977997327,0.23160722079889165,-4.786666382747933,1.7031529238111008e-06,0.6964439814615992,0.051839257664546994,13.434682764330924,4.867785914327462e-41,-0.26880007703192993,0.13281331110475625,-2.0238941021500048,0.04298917087236689,-1.0743423273127104,0.17830195980301503,-6.0254095271842525,1.7048410685971675e-09,0.006058396840221999,0.03883215130914487,0.1560149679061243,0.8760221868729121,-0.17732493279020906,0.12182393895650592,-1.4555836423374746,0.14551736052956246,0.8666608884515176,0.05131799666432589,16.88804990031857,1.0273795234667532e-63,-0.6864908839635928,0.06181289403930081,-11.105949569795582,1.3206092423661897e-28,-1.3882916055743688,0.07080147795104946,-19.608229174738444,4.0642829837999607e-85,0.35337733212845873,0.05468767403351532,6.461736366989965,1.0496348311936784e-10,-0.34957679395563157,0.08275184314842363,-4.2243988853351695,2.4022800112752113e-05,-1.3762451995553209,0.07045918340472676,-19.532517026914554,1.7647400467372331e-84,-0.9785542586629946,0.05809735517303166,-16.843352950380638,2.174849446321823e-63,-0.3472657568063433,0.08993484269276733,-3.8613038774378245,0.0001130006862936945,0.24619980863012908,0.0528149475282064,4.661555490491463,3.150668207216435e-06
